45		
0.00E+00		
5.00E-03		
5.00E-03		
1.01E+00		
1.66E+00		
1.87E+00		
1.67E+00		
7.67E-01		
5.00E-03		
5.00E-03		
0.00E+00		
5.00E-03		
5.00E-03		
5.00E-03		
5.00E-03		
5.00E-03		
0.00E+00		
5.00E-03		
5.00E-03		
5.00E-03		
5.00E-03		
5.00E-03		
5.00E-03		
5.00E-03		
5.00E-03		
5.00E-03		
1.42E+00		
1.39E+00		
1.87E+00		
1.95E+00		
1.58E+00		
7.08E-01		
2.30E-01		
0.00E+00		
0.00E+00		
5.00E-03		
5.00E-03		
5.00E-03		
5.00E-03		
5.00E-03		
5.00E-03		
5.00E-03		
5.00E-03		
5.00E-03		
5.00E-03		
