45		
0.00E+00		
1.80E-02		
2.70E-02		
1.80E-02		
3.45E-01		
4.13E-01		
5.69E-01		
8.87E-01		
1.17E+00		
1.37E+00		
1.42E+00		
1.68E+00		
1.66E+00		
1.77E+00		
1.66E+00		
3.99E-01		
4.20E-02		
1.80E-02		
1.80E-02		
1.80E-02		
1.80E-02		
1.80E-02		
2.30E-02		
1.80E-02		
1.30E-02		
2.30E-02		
1.80E-02		
2.03E-01		
3.74E-01		
3.94E-01		
3.84E-01		
3.94E-01		
5.50E-01		
7.60E-01		
1.10E+00		
1.26E+00		
1.48E+00		
1.51E+00		
8.53E-01		
9.60E-02		
2.30E-02		
1.80E-02		
1.80E-02		
1.80E-02		
1.80E-02		
