17.66
17.89
17.43
17.43
17.66
18.12
17.89
18.12
17.66
17.43
17.43
17.89
18.12
18.35
17.2
17.43
17.66
18.12
17.66
17.43
17.89
17.43
17.2
17.66
17.43
17.2
17.66
17.89
17.43
17.43
16.97
17.2
16.97
17.2
16.97
17.2
17.2
16.97
17.2
16.74
17.43
16.74
16.97
16.74
16.326
16.74
16.97
16.97
16.97
16.74
16.556
16.97
16.97
16.97
16.326
16.97
16.556
16.97
16.74
16.326
16.326
16.556
15.866
16.556
16.97
16.556
16.556
16.556
16.556
16.096
16.556
16.556
16.556
16.74
16.556
16.74
16.096
16.326
16.74
16.556
16.326
16.326
16.096
15.866
16.556
16.096
15.866
15.866
15.866
16.096
16.096
16.096
16.326
15.636
16.326
15.866
15.636
15.866
15.866
15.636
15.636
15.636
15.176
14.946
15.406
15.406
15.176
15.406
15.636
15.636
15.406
14.716
14.946
14.716
15.176
15.176
14.716
14.532
14.946
14.532
14.716
14.946
14.532
14.302
14.716
14.072
14.302
14.302
14.532
14.072
14.302
14.072
14.072
14.072
13.612
13.612
13.612
13.382
13.382
13.382
13.612
12.922
13.612
12.922
13.152
12.738
13.152
12.922
12.738
12.738
12.738
12.508
12.278
12.508
12.278
12.508
12.922
12.278
12.922
12.738
12.048
12.738
12.278
12.278
12.278
11.588
11.818
11.818
12.508
11.818
12.048
12.508
12.048
12.278
11.588
12.048
11.818
11.588
12.048
12.048
12.508
11.818
11.818
11.588
11.818
11.588
11.818
12.048
11.818
11.588
11.818
12.048
11.358
11.358
11.588
11.818
11.818
11.588
11.588
11.818
11.588
11.818
11.358
11.358
11.818
11.818
11.588
11.818
11.588
11.818
11.358
11.358
11.588
11.588
11.588
11.588
11.588
11.358
11.358
11.818
11.588
11.128
11.588
10.898
11.128
11.128
11.358
11.128
11.588
11.358
11.358
11.358
11.358
11.358
11.588
11.588
10.898
11.128
10.898
10.714
11.358
11.128
11.128
10.484
11.128
11.128
11.128
10.898
10.898
10.898
10.714
10.714
11.128
10.714
10.484
10.484
10.898
10.484
10.484
10.254
10.254
10.484
10.024
10.714
10.024
10.024
9.794
10.254
10.254
10.024
10.024
9.794
9.794
9.564
9.794
9.104
9.564
9.334
9.334
9.564
9.104
9.104
9.104
8.92
9.104
9.334
8.92
9.104
8.92
9.104
9.104
8.23
8.46
8.69
9.104
8.23
8.46
8.46
8.46
8.23
8.46
8
8
8.46
8
8.23
7.77
8.23
8
7.77
7.54
7.77
7.31
7.54
7.31
7.54
7.54
7.31
7.31
7.54
6.896
7.08
7.54
7.77
7.54
7.31
7.08
6.896
7.31
6.666
7.08
7.08
6.896
6.666
6.666
6.206
6.436
5.746
5.976
5.516
5.516
5.286
5.286
5.102
5.746
4.872
4.872
4.642
4.182
4.182
4.182
3.078
3.492
3.492
2.388
2.618
2.388
2.158
1.928
1.054
1.054
0.824
0.824
0.364
-0.326
-0.556
-0.556
-0.97
-0.74
-0.97
-0.97
-0.97
-1.43
-1.43
-1.43
-1.2
-1.89
-1.66
-1.89
-1.66
-1.66
-1.66
-1.66
-1.43
-1.66
-1.66
-2.35
-2.12
-1.66
-1.89
-2.12
-2.12
-2.35
-2.534
-2.534
-2.764
-2.764
-2.994
-3.224
-2.764
-3.224
-3.224
-3.684
-4.144
-4.144
-4.558
-4.144
-4.788
-4.374
-4.558
-4.558
-5.248
-4.788
-5.248
-5.018
-5.018
-5.708
-5.478
-5.018
-5.018
-5.478
-5.018
-5.018
-4.558
-4.788
-4.558
-4.374
-4.144
-4.788
-4.558
-4.788
-4.144
-3.914
-3.684
-3.684
-3.914
-2.994
-3.224
-3.224
-3.224
-3.224
-2.994
-3.224
-3.224
-2.994
-3.224
-2.764
-2.994
-2.764
-2.534
-2.994
-2.534
-2.994
-2.994
-2.764
-2.994
-2.534
-2.994
-2.994
-2.764
-2.994
-3.454
-2.994
-3.224
-2.764
-3.224
-2.994
-3.224
-3.684
-3.454
-3.454
-3.454
-3.454
-3.454
-3.914
-3.914
-3.684
-3.684
-3.684
-3.914
-2.994
-3.224
-3.684
-3.684
-3.684
-3.454
-3.684
-3.454
-3.454
-2.994
-2.994
-2.534
-2.994
-2.764
-2.534
-2.35
-2.35
-2.12
-1.89
-2.35
-1.89
-1.66
-2.12
-1.43
-0.97
-1.2
-0.97
-0.97
-0.556
-0.556
-0.326
-0.556
-0.556
0.134
-0.326
0.134
0.134
0.824
0.594
0.364
0.594
1.054
0.824
1.054
1.284
0.824
1.284
1.698
1.468
1.284
1.284
1.928
1.284
1.698
1.284
1.698
1.468
1.284
1.284
1.468
1.928
1.468
1.698
1.928
2.388
1.698
1.698
1.698
2.158
1.928
2.388
2.618
2.388
2.388
2.388
2.618
2.848
2.158
2.158
2.158
2.618
2.388
2.388
3.078
2.618
3.078
2.618
3.078
3.078
2.848
3.078
2.848
3.078
3.262
3.078
3.262
3.078
3.722
3.492
3.492
3.492
3.722
3.952
3.262
3.722
3.952
3.952
3.722
3.952
4.412
3.952
3.952
3.722
4.182
3.952
3.952
4.412
3.952
4.182
4.412
4.182
4.182
4.182
4.182
4.642
4.182
4.642
4.412
3.952
4.412
4.182
4.182
4.642
4.412
4.412
4.182
4.182
4.182
4.642
4.412
4.412
4.412
4.412
4.412
3.952
4.872
4.412
4.412
4.412
4.412
4.642
4.642
5.102
4.412
4.412
4.412
4.872
4.412
4.412
4.872
4.872
4.642
4.412
4.412
5.102
4.872
4.642
4.642
4.642
5.102
5.102
5.102
4.642
5.102
5.286
4.872
5.102
5.102
4.872
5.102
5.286
5.516
4.872
5.102
4.412
4.642
5.102
4.872
5.102
5.286
5.286
5.102
5.746
5.102
4.412
5.286
5.286
4.872
4.872
4.642
4.872
4.872
5.102
4.872
4.412
5.102
5.286
4.872
5.102
5.102
5.102
5.102
4.872
5.286
5.286
5.516
5.286
5.102
5.516
5.516
5.516
5.286
5.516
5.286
5.746
5.516
5.516
5.516
5.746
5.286
5.746
5.516
5.516
5.516
5.516
5.746
5.516
5.976
6.206
6.206
6.206
6.206
6.436
6.206
5.976
6.666
6.666
5.976
5.976
6.206
6.436
6.896
6.206
6.666
6.436
6.666
6.436
6.206
6.666
6.896
7.08
6.436
6.436
6.896
6.666
6.896
6.896
6.896
6.896
6.896
7.08
7.08
6.896
6.896
6.896
6.896
7.08
7.31
7.08
7.31
7.31
7.54
7.31
8
7.31
7.54
7.77
7.54
7.31
7.08
7.54
7.54
7.54
8
8.23
7.54
7.54
7.77
8.23
7.77
7.77
8
8
8.23
8
8.46
8.69
8.23
8
7.77
8.23
8.69
8.23
8.69
8.46
8.92
9.104
8.92
8.69
8.69
8.92
8.92
8.46
8.46
8.69
8.69
8.92
9.334
9.334
8.69
8.92
9.104
9.104
10.024
9.334
9.334
9.334
9.564
9.794
9.794
10.024
9.794
10.254
10.024
9.794
10.024
10.024
10.484
10.484
10.898
10.484
10.484
10.714
10.898
10.714
10.484
10.898
10.714
10.898
10.898
10.714
10.898
10.714
10.898
10.898
11.128
11.358
11.588
11.588
10.714
11.358
12.278
11.358
11.588
11.358
11.358
11.588
11.358
11.818
11.818
11.588
11.818
12.278
12.048
11.588
11.818
12.048
12.278
11.818
12.508
12.048
11.818
11.818
12.048
11.818
12.048
11.818
12.048
12.048
12.278
11.818
12.048
11.818
12.048
11.818
11.588
11.818
12.048
12.048
12.278
12.048
11.818
12.048
12.048
11.818
11.588
11.588
11.818
12.278
11.588
12.048
11.588
12.048
12.048
11.588
11.588
12.048
11.818
11.818
11.358
11.588
11.588
11.128
11.358
11.588
12.048
11.588
11.358
11.358
11.128
11.358
11.128
10.898
11.358
10.898
10.898
10.714
11.128
11.128
10.254
10.714
10.898
10.484
10.254
10.484
10.254
10.254
9.794
10.254
10.024
9.794
10.024
9.794
9.564
9.794
9.564
9.334
9.564
8.92
9.334
9.104
8.46
8.92
8.46
8.69
8.23
8.46
7.77
8.46
8
7.54
7.54
7.54
7.08
7.08
6.896
6.666
6.666
6.436
6.436
6.206
6.206
6.206
5.746
5.286
5.516
5.102
4.872
4.412
4.642
4.182
4.182
3.952
3.722
3.722
3.492
2.848
2.848
2.618
2.388
1.928
1.928
1.054
1.054
1.054
0.364
0.364
0.134
-0.74
-0.97
-1.43
-1.43
-1.2
-1.89
-2.35
-2.12
-2.534
-3.224
-3.224
-3.684
-4.144
-4.558
-4.558
-5.478
-5.248
-5.938
-5.478
-6.352
-6.352
-6.812
-7.272
-7.272
-7.962
-7.732
-7.962
-8.376
-8.376
-9.526
-9.986
-9.526
-9.986
-10.63
-10.86
-11.09
-11.78
-12.194
-12.884
-13.114
-13.804
-14.218
-14.218
-14.448
-14.908
-15.138
-15.368
-16.012
-16.012
-16.012
-16.702
-16.932
-16.932
-16.932
-17.392
-18.036
-18.266
-18.036
-18.036
-18.496
-18.726
-18.496
-18.496
-18.496
-19.186
-19.186
-19.186
-19.646
-19.416
-19.416
-19.83
-19.83
-19.83
-19.83
-20.06
-19.83
-19.646
-20.06
-20.06
-20.06
-19.416
-19.416
-19.83
-19.83
-19.646
-19.416
-19.186
-19.186
-19.416
-18.496
-18.956
-18.726
-18.726
-18.266
-18.266
-18.036
-17.852
-17.622
-17.622
-17.162
-17.162
-16.472
-16.012
-16.242
-15.598
-15.368
-15.598
-14.908
-14.218
-14.678
-13.804
-13.344
-13.114
-12.654
-12.424
-12.424
-11.78
-12.01
-11.78
-11.55
-11.78
-10.86
-10.86
-11.32
-10.63
-10.4
-9.986
-9.986
-9.986
-9.986
-9.296
-9.066
-9.066
-8.836
-8.606
-8.192
-8.376
-8.376
-7.962
-7.502
-7.962
-7.502
-7.732
-7.732
-7.272
-7.042
-6.582
-6.352
-6.582
-6.352
-5.938
-6.168
-5.708
-5.248
-5.248
-4.788
-5.018
-4.558
-4.558
-4.374
-3.914
-3.914
-4.144
-3.224
-3.224
-2.764
-2.764
-2.994
-2.35
-2.534
-2.12
-2.12
-1.66
-1.89
-1.2
-1.2
-0.74
-0.096
-0.326
-0.556
-0.556
-0.556
0.364
0.594
0.594
0.824
0.594
0.824
1.284
1.698
1.054
1.928
1.698
2.158
2.388
1.928
2.848
2.618
2.848
3.262
3.262
2.848
3.722
3.722
3.952
4.182
4.642
3.952
5.102
4.412
4.412
5.102
5.102
5.102
5.286
5.286
5.102
5.516
5.516
5.746
5.516
5.746
5.516
5.516
6.206
6.206
5.976
6.666
6.666
6.666
6.436
6.896
6.666
7.08
7.08
6.896
7.54
7.77
7.08
7.08
7.31
7.54
7.08
7.31
8
8
8.23
7.77
7.77
7.77
8
8
7.54
7.77
7.54
8.23
8.46
7.54
8.46
8.23
8.23
8.23
8.46
8.69
8.23
8.23
8.46
8.69
8
8.46
8.23
8.69
8.92
8.92
8.92
9.334
9.104
9.104
9.334
9.104
8.92
9.104
9.564
9.334
9.564
9.564
9.104
9.564
9.564
9.794
9.564
9.794
9.794
9.794
9.794
9.794
9.564
10.024
10.254
9.794
9.794
10.484
10.484
10.484
10.254
10.484
10.254
10.484
10.024
10.254
9.794
10.254
10.024
10.714
10.484
10.024
9.794
10.484
10.254
10.484
10.714
10.484
10.484
10.024
10.024
9.794
10.254
10.484
9.794
10.254
10.024
9.794
10.024
9.564
9.564
10.254
10.024
10.024
9.564
10.024
10.024
9.794
10.024
9.564
9.564
9.794
9.564
9.104
9.334
9.104
8.92
9.104
9.104
8.92
8.69
8.69
9.104
8.69
8.46
8.46
8.23
8.23
8.23
8
8
7.77
7.77
7.77
7.77
7.54
7.31
7.08
7.31
7.08
6.666
7.08
6.896
6.666
6.666
6.666
6.436
6.436
5.976
6.436
6.206
5.976
5.976
6.206
5.976
5.976
6.436
5.746
5.746
5.746
5.516
5.516
5.516
5.746
5.746
5.516
5.516
5.516
5.286
5.286
5.516
5.746
5.516
5.516
5.286
5.102
5.102
5.286
5.286
5.746
5.286
5.102
5.102
5.102
4.872
4.872
5.286
5.102
4.872
5.286
4.872
5.102
5.102
5.102
4.642
4.642
4.642
5.102
4.412
4.872
4.182
4.182
4.412
4.642
4.412
4.642
4.412
4.182
4.182
4.412
4.642
4.642
4.412
4.642
4.182
4.412
4.182
4.182
4.872
4.642
3.952
4.412
4.182
3.952
4.412
4.412
3.952
4.182
3.722
3.952
4.872
4.872
4.412
3.952
4.642
5.102
5.102
4.642
4.642
5.102
4.182
4.642
4.642
4.412
3.492
3.492
3.078
2.158
1.698
1.054
0.594
-0.74
-2.12
-3.224
-4.374
-5.708
-6.352
-7.272
-8.192
-8.836
-8.606
-8.376
-8.606
-8.376
-7.502
-6.812
-5.938
-5.478
-5.018
-4.374
-3.684
-3.684
-3.454
-3.684
-3.224
-2.994
-2.994
-3.224
-3.454
-4.144
-4.558
-4.374
-4.144
-4.144
-4.374
-5.248
-4.788
-5.248
-5.478
-5.938
-5.708
-5.938
-5.708
-5.708
-6.352
-6.352
-6.812
-7.042
-7.042
-7.042
-7.502
-8.192
-8.376
-8.836
-9.756
-10.216
-10.63
-11.09
-11.78
-11.78
-11.78
-11.78
-12.194
-12.01
-11.78
-12.424
-12.194
-11.78
-11.55
-11.55
-11.78
-11.32
-10.86
-10.216
-10.63
-10.4
-9.986
-9.756
-9.756
-9.526
-9.066
-9.066
-9.296
-9.296
-8.836
-8.606
-8.376
-8.376
-8.606
-8.192
-8.606
-8.376
-8.836
-8.376
-8.606
-8.376
-8.836
-8.836
-8.836
-8.836
-8.836
-9.066
-8.836
-9.526
-9.526
-9.526
-9.986
-10.4
-10.63
-10.86
-10.4
-11.09
-11.32
-11.32
-11.09
-11.09
-11.55
-11.09
-12.01
-11.32
-11.55
-12.01
-11.78
-11.78
-11.55
-11.78
-11.78
-11.32
-11.32
-11.32
-10.86
-11.09
-10.63
-10.63
-10.216
-9.986
-9.756
-9.526
-9.066
-8.606
-8.836
-8.192
-8.192
-7.502
-6.352
-6.582
-6.352
-6.582
-5.938
-5.938
-5.938
-5.708
-5.478
-5.478
-4.788
-5.018
-4.374
-4.558
-4.558
-4.144
-4.374
-4.144
-3.914
-4.144
-4.144
-3.684
-3.684
-3.914
-3.914
-3.914
-3.684
-3.454
-3.684
-3.684
-3.454
-3.454
-2.994
-3.224
-2.764
-3.224
-2.764
-2.994
-2.994
-2.534
-2.764
-2.534
-3.224
-2.534
-2.994
-2.534
-2.35
-2.534
-2.534
-2.35
-2.35
-2.12
-1.66
-2.534
-2.534
-1.89
-1.66
-1.89
-2.12
-1.2
-1.43
-1.2
-1.43
-1.43
-1.43
-0.74
-1.2
-1.2
-0.74
-0.74
-0.74
-0.74
-0.326
-0.556
-0.556
-0.74
-0.74
-0.326
-0.326
-0.556
-0.326
-0.74
-0.326
-0.096
-0.096
-0.096
-0.096
0.134
0.134
-0.326
0.134
0.594
-0.096
0.134
0.134
-0.326
0.364
0.364
0.134
0.134
0.134
0.364
-0.096
-0.096
0.134
0.134
-0.096
0.134
-0.096
-0.326
-0.326
0.364
0.134
-0.096
-0.74
-0.556
0.134
0.364
0.594
-0.326
-0.096
-0.096
0.594
0.364
0.364
0.134
0.364
0.134
0.134
0.364
0.134
0.364
0.364
0.364
0.364
0.134
0.594
-0.096
-0.74
-0.326
0.134
0.364
0.134
-0.096
0.364
0.594
0.134
0.134
0.134
-0.096
0.824
0.134
0.134
-0.326
0.594
0.364
0.594
0.134
0.134
0.364
0.134
-0.096
-0.096
0.134
0.594
0.594
0.594
0.364
0.364
0.824
0.824
1.054
0.824
0.364
0.824
0.594
0.364
0.594
0.824
0.594
1.054
0.594
1.054
1.054
1.284
1.054
0.594
1.054
1.054
1.284
1.284
1.468
1.284
1.468
1.284
1.698
1.054
1.284
1.928
1.698
1.468
1.928
1.928
2.158
2.158
1.928
1.468
2.618
2.388
2.618
2.618
2.388
2.388
2.618
2.618
2.388
2.388
3.078
2.848
2.618
3.722
3.078
2.848
3.262
3.492
3.262
3.078
3.262
3.492
3.952
3.952
3.722
4.182
3.722
3.952
4.642
4.642
4.412
4.182
4.182
4.412
4.872
4.642
4.872
5.516
4.872
5.102
5.516
5.286
5.286
5.286
5.516
5.746
5.516
5.746
5.976
5.976
6.436
5.746
6.436
6.206
5.976
6.666
7.31
7.08
7.31
6.896
7.54
7.77
7.08
7.54
7.31
7.77
7.77
8
8
8.46
8.23
8.69
8.92
8.92
8.92
8.92
9.104
9.334
9.104
9.334
9.794
9.564
9.564
9.334
9.794
10.024
9.794
10.024
10.484
10.024
10.024
10.024
9.794
10.254
10.484
10.714
10.484
10.484
10.898
10.898
10.484
10.898
10.898
11.128
10.898
11.128
11.128
11.358
11.588
11.358
11.128
11.358
11.588
11.588
11.358
11.818
11.588
12.048
11.358
11.818
11.818
11.588
11.818
11.588
11.818
11.818
11.588
12.278
11.818
11.588
11.588
11.588
11.818
12.508
12.048
11.818
11.818
11.588
11.818
11.818
11.358
11.818
12.278
12.048
11.818
11.588
11.588
11.358
11.818
11.818
11.358
11.128
11.588
10.714
11.128
11.128
11.358
11.128
10.898
10.714
11.358
10.714
10.898
11.128
10.898
10.898
10.898
10.484
10.484
10.714
10.898
9.794
10.254
10.024
10.024
9.334
9.564
10.024
9.564
8.92
9.334
9.564
9.334
9.104
9.104
8.69
8.69
8.46
8.92
8.69
8.23
8.46
8
7.54
7.54
7.54
6.896
6.666
6.896
6.436
6.206
6.206
6.436
5.976
5.286
5.286
5.102
4.872
4.642
4.182
4.412
4.412
4.182
3.722
3.492
2.618
2.848
2.158
1.468
1.468
1.468
1.928
1.284
1.054
0.594
0.594
0.364
-0.096
-0.096
0.134
-0.556
-0.74
-0.74
-1.2
-1.66
-1.43
-1.66
-1.43
-1.89
-2.35
-1.89
-1.89
-2.35
-2.994
-2.534
-2.994
-3.684
-3.684
-3.684
-4.144
-3.914
-4.374
-4.558
-5.018
-5.248
-5.018
-5.248
-5.708
-5.248
-5.478
-5.478
-5.248
-5.938
-5.708
-5.708
-6.168
-6.352
-6.352
-6.352
-6.582
-6.352
-6.582
-6.582
-7.042
-7.042
-7.502
-7.272
-7.042
-7.272
-7.732
-7.502
-7.272
-7.042
-6.812
-7.042
-7.272
-7.042
-6.582
-6.812
-6.582
-6.352
-6.352
-5.938
-6.168
-5.248
-5.478
-5.478
-5.938
-5.248
-5.478
-5.478
-4.788
-4.558
-4.144
-3.914
-3.914
-3.914
-2.994
-3.684
-2.534
-2.994
-2.534
-2.35
-2.764
-2.12
-1.89
-1.43
-1.43
-1.66
-2.12
-1.43
-1.2
-1.66
-1.43
-1.89
-1.2
-1.2
-1.2
-1.43
-1.43
-1.2
-1.2
-1.2
-0.97
-0.97
-0.97
-0.556
-0.97
-1.2
-0.556
-0.74
-0.74
-0.556
-0.97
-1.2
-0.556
-0.096
-0.326
-0.74
-0.556
-0.326
-0.74
-0.326
-0.096
0.364
-0.096
0.364
0.134
0.824
1.054
1.284
1.054
1.054
0.824
1.698
1.698
1.698
2.158
2.158
1.698
1.698
1.698
1.928
2.388
2.158
2.848
2.848
3.262
3.262
2.848
2.618
2.848
3.262
3.722
3.492
3.492
3.722
3.492
3.722
3.722
3.492
3.492
4.182
3.722
4.412
3.952
4.182
4.642
4.182
4.412
4.872
4.872
5.102
5.102
5.102
5.102
5.102
5.746
5.516
5.102
5.516
5.746
5.976
5.746
5.976
6.206
6.666
6.436
6.206
6.206
6.436
6.666
6.666
7.08
7.54
6.436
6.666
6.666
7.08
6.666
6.896
6.896
6.896
7.08
6.896
7.08
7.31
7.08
7.31
7.54
7.08
7.54
7.77
7.77
7.54
7.77
7.77
7.77
7.54
7.54
7.54
7.77
7.77
7.77
8.23
8.23
8.23
8
8
7.54
8
8
8.23
8.23
8.23
8.46
8.46
8.92
8.69
8.46
8.69
8.46
8.69
8.69
8.69
8.69
8.46
8.92
9.104
8.92
8.69
8.46
8.92
9.334
8.92
9.104
9.334
9.334
8.69
9.334
9.564
8.92
9.104
9.564
9.334
9.334
9.794
9.564
10.024
9.564
9.334
9.334
9.334
9.334
9.564
9.334
9.334
9.564
9.794
9.564
9.794
10.024
9.794
9.564
9.334
9.794
9.564
9.334
9.564
9.794
9.104
9.794
9.334
9.564
9.564
9.334
9.334
9.334
9.104
9.104
9.104
9.104
8.92
8.92
8.92
8.92
9.104
8.69
8.46
8.69
8.23
8.46
8.69
8.46
8.23
7.77
7.54
8.46
8
7.54
8
7.31
7.31
8
8
7.77
7.08
7.08
7.54
7.31
7.08
7.31
6.666
6.896
6.666
7.08
6.436
6.896
6.666
6.896
7.08
6.666
6.666
6.896
6.666
7.08
6.666
6.666
7.08
6.206
5.976
6.206
6.206
5.976
6.206
5.746
5.746
6.206
5.746
5.746
5.516
5.746
5.516
5.102
5.286
5.286
5.286
5.286
5.516
5.102
4.642
5.102
5.102
5.286
5.102
4.872
4.872
4.872
4.642
4.412
4.642
4.412
5.102
4.642
4.642
4.642
4.872
4.642
4.642
4.412
4.642
4.412
4.412
4.182
4.412
4.412
4.872
4.642
4.412
4.412
4.182
4.412
4.182
4.182
4.182
4.182
3.952
3.952
4.412
3.952
3.492
3.722
4.182
3.722
4.642
4.412
4.182
4.412
4.642
4.182
3.952
3.952
4.182
4.412
4.412
4.412
4.182
4.182
3.722
3.722
3.722
3.078
3.078
2.618
2.158
2.158
1.284
0.824
-0.096
-0.74
-1.2
-2.12
-3.224
-5.018
-5.248
-6.812
-7.732
-7.502
-7.962
-7.962
-8.606
-8.192
-7.272
-7.272
-6.582
-5.708
-5.478
-4.374
-3.914
-4.374
-3.224
-3.684
-2.35
-3.224
-3.684
-3.454
-3.684
-4.374
-4.144
-3.914
-4.374
-4.374
-4.374
-4.374
-4.788
-5.248
-5.018
-5.708
-5.708
-5.938
-6.168
-6.352
-6.352
-6.582
-6.812
-6.812
-7.502
-7.962
-7.962
-8.606
-8.836
-9.296
-9.296
-9.756
-11.09
-10.63
-10.86
-11.09
-10.63
-10.63
-10.4
-11.09
-11.09
-11.32
-11.09
-10.86
-9.986
-9.986
-9.526
-9.066
-8.606
-8.192
-7.962
-7.502
-7.732
-7.272
-7.502
-7.042
-6.812
-6.812
-6.582
-6.352
-6.168
-5.938
-6.168
-6.352
-5.938
-5.478
-5.938
-6.352
-5.938
-6.168
-6.168
-6.582
-6.352
-6.582
-6.812
-7.042
-7.272
-7.502
-7.732
-7.732
-7.502
-7.732
-8.376
-8.192
-8.836
-8.606
-8.376
-8.376
-8.606
-8.606
-7.962
-8.192
-8.192
-8.192
-8.836
-8.192
-7.962
-8.192
-7.732
-7.962
-7.502
-7.502
-7.502
-7.502
-6.812
-6.582
-6.352
-6.352
-5.708
-5.248
-5.478
-5.248
-4.558
-4.374
-4.374
-3.684
-3.684
-3.684
-3.454
-2.994
-2.764
-2.994
-2.534
-2.12
-2.12
-2.12
-1.66
-1.66
-1.2
-1.66
-1.66
-1.66
-0.97
-1.2
-1.43
-1.2
-0.74
-0.97
-0.556
-0.74
-0.556
-0.556
-0.556
-0.556
-0.096
-0.326
-0.556
-0.326
-0.556
-0.326
-0.326
-0.556
0.134
0.134
-0.096
-0.326
-0.096
-0.096
0.134
-0.326
-0.326
0.134
-0.556
0.364
0.134
-0.096
0.364
0.364
0.364
0.134
0.594
0.824
0.594
0.594
0.594
0.824
0.594
0.824
0.824
0.824
1.468
1.284
0.824
0.824
1.468
1.054
1.284
1.698
1.054
1.054
1.284
0.824
1.284
1.698
1.284
1.468
1.284
1.284
1.284
1.284
1.284
1.284
1.468
1.054
1.284
1.468
1.698
1.468
1.284
1.698
1.284
1.698
1.468
1.468
1.698
2.158
2.158
1.928
1.928
1.468
1.698
1.698
1.928
1.928
1.698
1.698
1.928
1.698
1.698
1.928
1.698
1.468
1.928
1.928
2.158
1.698
1.928
1.698
1.928
1.468
1.468
1.468
1.468
1.468
1.284
1.698
1.698
1.468
1.698
1.468
1.284
1.468
1.698
1.698
1.698
1.928
1.928
1.468
1.698
1.928
1.468
1.928
2.158
1.928
2.388
2.158
2.158
2.388
2.618
2.618
2.158
2.158
2.618
2.158
2.618
2.388
3.078
2.848
3.078
3.078
3.078
3.078
3.262
3.492
3.262
3.078
3.262
3.078
3.262
3.262
3.722
3.722
3.262
4.182
3.952
3.492
3.492
3.262
3.952
3.952
4.412
3.722
4.412
5.102
4.182
3.722
4.642
4.182
4.182
4.412
4.642
4.642
4.412
4.642
4.642
4.872
4.872
4.412
4.642
5.102
5.286
5.102
5.286
5.102
5.286
5.976
5.516
5.102
5.286
5.746
5.746
5.746
5.746
5.516
5.976
6.206
5.746
6.436
5.976
6.206
6.206
6.206
6.666
6.436
6.436
6.436
6.666
6.896
6.436
7.08
6.896
6.896
7.08
7.08
6.436
6.666
6.666
7.08
7.08
6.896
6.896
7.08
7.31
7.08
8
7.31
7.54
7.77
7.31
7.77
7.77
7.77
8.23
7.77
8
8.46
7.77
8
8.46
8
8
8
8.23
8
8.23
8
8
8.23
8
8.69
8
8.46
8.46
8.69
8.69
8.92
8.92
8.46
8.69
8.46
8.69
8.69
9.104
8.69
8.46
8.69
8.46
8.92
9.104
8.92
8.92
8.92
8.69
8.46
8.69
8.92
9.334
9.104
9.334
8.69
8.46
9.104
8.92
9.104
9.564
9.104
9.334
9.334
9.104
8.69
8.92
9.334
8.92
8.92
9.104
8.69
9.334
9.334
9.104
8.92
9.104
8.69
9.564
9.104
8.92
9.334
9.104
8.46
8.46
8.69
8.46
8.92
8.69
8.69
8.23
8.46
8.46
8.69
8.23
8.46
8.69
8.92
8.92
8.69
8.92
8.92
8.46
8.23
8.23
8.46
8.23
8
8.23
7.77
7.31
8
7.54
7.54
7.54
7.54
7.08
7.31
7.54
7.54
7.08
7.08
7.08
7.08
6.206
6.896
6.896
7.08
6.436
7.08
6.666
6.666
5.976
6.206
6.206
5.516
5.976
5.516
5.516
5.286
5.746
5.516
5.286
5.102
5.102
4.642
4.182
4.872
4.412
3.952
3.262
3.492
3.078
3.492
3.078
2.848
2.388
2.388
2.388
1.928
2.158
1.284
1.468
1.054
0.824
0.364
0.134
-0.326
-0.556
-0.97
-0.97
-1.89
-1.43
-1.66
-2.12
-2.35
-2.764
-2.994
-3.684
-3.224
-4.374
-4.374
-4.374
-5.478
-5.478
-5.708
-6.168
-5.938
-5.938
-7.042
-7.502
-8.192
-8.192
-8.192
-9.066
-9.296
-9.526
-9.986
-10.63
-10.63
-11.09
-11.32
-12.01
-12.884
-12.884
-13.574
-14.034
-14.678
-14.448
-15.598
-15.828
-16.242
-16.472
-16.932
-16.932
-18.036
-18.266
-18.266
-18.726
-19.416
-19.646
-20.29
-20.29
-20.52
-21.21
-21.21
-21.67
-21.67
-21.67
-21.854
-21.67
-21.854
-21.21
-21.67
-21.44
-21.67
-21.21
-21.854
-21.854
-21.44
-21.21
-20.75
-21.44
-20.52
-20.52
-20.29
-20.29
-20.29
-20.06
-19.83
-19.646
-18.956
-18.726
-18.496
-18.726
-18.036
-18.036
-17.622
-16.932
-17.392
-16.932
-16.242
-16.242
-16.472
-15.138
-15.138
-14.448
-14.448
-14.218
-13.114
-13.114
-13.114
-12.424
-12.884
-12.424
-12.654
-12.194
-12.01
-11.55
-11.55
-11.55
-10.86
-10.86
-10.216
-10.4
-10.63
-10.63
-9.986
-9.526
-9.526
-9.296
-9.526
-9.296
-8.836
-8.836
-9.066
-8.376
-8.192
-7.962
-8.376
-7.732
-6.812
-6.812
-6.812
-7.042
-6.582
-6.168
-6.352
-5.708
-6.352
-5.938
-5.708
-5.478
-5.248
-5.248
-5.478
-5.248
-5.248
-4.788
-4.788
-4.558
-4.558
-4.144
-4.144
-4.144
-3.454
-3.224
-2.764
-2.994
-2.534
-1.89
-1.89
-2.35
-1.89
-1.89
-1.66
-1.2
-0.326
-0.556
-0.096
0.134
0.364
0.594
0.594
1.284
1.284
1.054
1.284
1.928
2.158
2.388
2.158
2.618
2.618
2.848
3.078
3.078
3.492
3.722
3.492
4.182
3.952
4.642
4.642
4.642
4.642
5.102
5.286
4.872
4.872
5.516
5.746
5.746
5.516
5.976
5.976
6.666
6.436
6.436
6.436
6.206
6.666
6.206
6.436
6.666
7.08
6.896
6.666
6.896
7.08
7.54
7.08
7.08
7.54
7.54
7.31
7.77
7.77
7.31
7.08
7.54
7.31
7.77
8
7.77
8
8
8.46
7.77
8.46
8.69
8.46
8.46
8.69
8.69
8.69
8.92
9.104
9.334
9.334
9.334
9.104
9.104
9.104
9.564
9.334
9.104
9.104
9.104
9.564
9.104
9.334
9.794
9.564
9.334
9.564
9.564
10.024
9.334
9.334
9.564
9.794
9.794
10.024
9.794
9.104
10.254
9.564
10.024
10.254
10.254
10.484
10.024
10.254
10.254
9.794
10.024
10.484
9.794
10.024
10.024
10.024
10.484
10.024
10.024
10.024
10.484
10.024
10.484
10.484
10.254
10.484
10.484
10.714
10.898
10.254
10.714
10.714
10.484
10.484
10.714
11.128
10.898
10.484
10.254
10.898
10.714
10.484
10.714
10.898
10.898
10.898
10.714
10.714
10.254
10.254
10.714
10.254
10.484
10.254
10.714
10.024
10.484
10.484
10.254
10.254
10.024
9.794
9.564
10.024
10.024
10.024
9.794
10.024
10.024
9.104
9.564
9.104
9.104
9.794
9.104
8.92
8.92
8.92
8.69
9.104
8.46
8.46
8.46
8.92
8.92
8.46
8.46
8.46
8.46
8
8.46
8.23
8.23
8.46
7.77
8
7.77
7.31
8
8
7.31
7.54
7.77
7.54
7.54
7.54
6.896
7.31
7.08
7.08
6.436
7.31
6.896
6.666
6.666
7.31
7.08
6.666
7.08
6.896
6.666
6.436
6.436
6.666
7.08
6.896
6.896
5.976
6.436
6.666
6.436
6.206
6.206
6.206
6.436
6.206
5.976
5.746
5.516
5.976
6.206
5.746
5.516
5.746
5.516
5.516
5.746
5.746
5.976
5.746
5.746
5.976
5.516
5.746
5.746
5.516
5.976
5.746
5.286
5.976
5.746
5.976
5.746
5.976
6.206
5.976
5.286
5.746
6.206
6.666
7.77
7.31
6.896
7.08
7.77
7.77
7.77
7.31
7.77
7.31
7.08
6.666
6.896
6.666
5.976
5.286
4.872
3.722
3.492
1.928
1.054
-0.97
-1.89
-3.454
-5.018
-6.352
-7.272
-7.962
-8.606
-9.526
-10.216
-9.296
-9.296
-8.836
-8.192
-7.502
-6.582
-7.042
-6.352
-5.708
-5.478
-5.478
-5.248
-4.788
-4.374
-4.374
-4.144
-4.558
-5.478
-5.018
-5.248
-5.938
-4.788
-5.708
-5.708
-5.478
-5.248
-5.018
-5.248
-5.938
-5.938
-6.168
-6.352
-6.352
-7.272
-7.962
-8.376
-8.192
-9.296
-9.296
-8.836
-8.836
-9.296
-9.986
-10.4
-10.86
-11.32
-11.78
-11.78
-12.194
-12.194
-12.01
-12.654
-12.654
-12.194
-12.654
-12.884
-12.01
-12.194
-12.194
-12.01
-12.194
-12.01
-11.55
-11.09
-11.32
-11.55
-10.86
-10.86
-10.63
-10.4
-10.216
-10.4
-10.216
-9.986
-10.216
-10.216
-10.216
-9.756
-9.986
-9.296
-9.526
-9.986
-9.986
-9.756
-9.526
-9.756
-9.756
-9.986
-9.756
-10.4
-9.756
-9.986
-10.4
-10.216
-10.216
-10.4
-10.63
-10.86
-11.09
-10.86
-11.55
-11.55
-11.32
-11.32
-11.32
-11.78
-11.55
-11.55
-11.78
-11.32
-11.78
-11.78
-11.78
-11.09
-11.32
-12.01
-11.55
-11.55
-11.55
-10.86
-10.4
-10.216
-10.86
-10.63
-10.216
-9.986
-9.526
-9.296
-9.296
-9.066
-8.606
-7.962
-7.732
-7.502
-7.042
-7.042
-6.812
-6.812
-5.938
-5.708
-5.708
-5.708
-5.018
-5.018
-5.248
-4.788
-4.788
-4.144
-3.914
-3.454
-4.144
-3.684
-3.684
-3.224
-2.994
-3.224
-2.764
-2.764
-2.994
-2.534
-2.534
-2.534
-2.534
-2.534
-2.764
-1.66
-2.12
-2.12
-1.89
-2.12
-1.89
-1.89
-2.12
-1.66
-1.89
-1.66
-1.66
-1.43
-1.89
-1.43
-1.43
-1.66
-1.89
-1.43
-1.2
-1.43
-0.97
-0.97
-0.556
-0.97
-0.74
-0.556
-0.74
-0.74
-0.74
-0.556
-0.326
-0.556
-0.096
-0.096
0.134
0.134
-0.096
0.134
0.364
0.594
0.594
0.824
0.364
0.594
0.364
0.594
0.824
1.054
0.594
0.824
0.824
0.824
0.364
0.824
0.824
0.364
1.054
1.284
0.824
1.054
1.284
1.054
1.054
1.468
1.284
1.284
1.284
1.284
0.824
1.054
1.054
1.284
1.468
1.284
1.468
1.468
1.284
1.054
1.698
1.284
1.928
1.284
1.468
1.468
1.284
1.468
1.468
1.698
1.698
1.054
1.284
1.284
1.284
1.468
1.468
1.698
0.824
1.054
1.284
1.284
1.468
1.284
2.158
1.468
1.698
1.468
1.928
1.928
1.698
1.284
1.468
1.928
2.158
2.158
1.698
1.698
1.698
1.698
1.928
1.698
1.928
1.698
1.468
1.468
1.698
2.158
1.698
1.698
2.158
1.698
2.158
2.388
1.928
1.468
1.928
1.928
2.158
1.928
1.698
1.928
1.698
1.698
2.158
1.928
1.698
1.928
1.928
2.158
2.618
1.928
2.158
2.158
2.388
2.388
2.158
2.388
2.618
2.158
2.388
2.388
2.388
2.618
2.848
3.078
2.848
3.078
3.262
2.618
2.848
2.848
3.262
3.078
3.492
3.492
3.722
3.262
3.262
3.262
3.722
3.952
3.952
4.182
3.492
3.952
3.952
3.952
4.182
4.182
4.182
4.412
4.182
4.642
4.182
4.182
4.412
4.642
4.412
5.102
5.102
5.286
5.102
5.102
5.286
5.746
5.286
5.746
5.746
5.516
5.516
5.516
5.286
5.746
5.746
5.746
6.206
6.436
6.206
5.976
5.976
6.666
6.206
6.436
7.08
6.896
6.896
6.666
7.08
7.31
7.31
7.54
7.77
7.77
7.77
8
8.46
8.69
8.46
8.69
8.92
8.69
8.46
9.334
9.104
9.104
9.564
9.334
9.564
9.794
9.564
10.254
10.484
10.484
10.254
10.254
10.714
10.254
10.714
10.254
10.898
10.898
10.714
11.128
10.898
11.128
11.128
11.128
11.128
11.588
11.128
11.358
11.358
11.358
12.048
12.278
11.818
11.818
11.818
11.818
12.048
12.048
12.738
12.738
12.278
12.278
12.278
12.508
12.508
12.738
12.922
12.508
12.508
12.922
12.738
12.738
13.152
12.738
12.922
12.922
13.152
12.922
12.922
12.738
13.152
13.152
12.738
12.508
13.382
13.382
13.382
12.922
13.612
12.922
13.382
13.382
13.152
12.922
13.152
13.382
13.612
12.922
13.382
13.382
13.382
13.152
13.152
13.152
12.922
12.738
12.922
12.922
12.738
12.508
12.738
13.382
12.508
12.922
12.922
12.048
12.278
12.508
12.278
12.048
12.048
12.278
12.278
12.048
11.588
12.048
11.588
11.128
11.128
11.588
11.128
11.358
11.358
10.714
10.898
10.484
9.564
10.024
9.794
9.564
9.564
9.334
9.564
8.69
8.92
8.92
8.69
8.46
8
7.54
7.77
7.54
7.54
7.31
6.666
6.436
6.436
6.206
5.516
5.746
4.872
4.872
3.952
3.722
3.952
2.388
2.388
2.388
1.928
1.284
1.698
1.698
1.054
0.824
0.594
0.364
-0.096
-0.74
-1.2
-1.43
-1.89
-2.35
-2.35
-2.534
-2.764
-3.454
-3.914
-4.374
-4.558
-4.788
-5.478
-5.708
-5.938
-6.352
-6.352
-7.502
-7.502
-8.606
-8.836
-8.836
-9.296
-9.526
-9.986
-10.63
-10.86
-11.55
-11.55
-11.78
-12.194
-12.424
-12.884
-13.114
-13.344
-13.804
-13.574
-13.574
-13.804
-14.218
-14.448
-14.448
-14.908
-14.678
-14.678
-14.678
-14.678
-15.138
-14.678
-14.448
-14.448
-14.448
-14.034
-14.218
-13.804
-13.574
-13.574
-13.804
-12.884
-13.344
-13.114
-12.884
-13.574
-12.884
-13.344
-12.884
-13.344
-12.194
-12.424
-12.194
-12.424
-12.01
-12.01
-12.01
-11.55
-11.55
-11.32
-11.09
-10.63
-10.63
-10.4
-10.63
-10.4
-10.216
-9.756
-9.526
-9.296
-8.836
-8.836
-8.836
-8.376
-8.192
-7.732
-7.502
-7.502
-7.042
-7.042
-6.582
-6.352
-6.582
-6.168
-6.352
-5.938
-5.708
-5.478
-5.708
-5.478
-5.478
-5.478
-5.478
-5.018
-4.558
-5.018
-4.374
-4.374
-4.144
-4.374
-3.914
-3.914
-4.374
-3.454
-3.684
-3.454
-3.684
-3.454
-3.224
-2.994
-2.35
-2.35
-2.764
-2.35
-2.35
-2.12
-1.89
-2.12
-1.43
-1.2
-0.556
-0.74
-0.74
-0.74
-0.326
0.364
0.364
0.364
0.824
1.054
1.054
0.824
1.054
1.468
1.698
1.698
2.158
2.158
2.618
2.618
2.618
2.848
2.848
3.492
3.952
3.492
3.952
4.182
4.182
4.182
4.182
4.412
4.642
4.412
4.872
4.872
5.286
5.102
5.286
5.516
5.976
5.746
5.976
6.436
6.436
6.206
6.206
6.206
6.436
6.436
6.666
6.436
7.08
7.31
6.666
7.08
7.77
7.54
7.08
7.54
7.54
7.54
7.54
8.23
8
7.77
7.77
8
8.46
8.69
8
8.46
8.69
8.92
8.69
8.92
8.92
8.92
8.92
9.104
8.92
8.92
9.104
9.334
9.104
9.334
9.564
9.564
9.334
9.794
9.334
9.794
9.564
9.564
9.564
10.024
10.484
10.254
10.024
9.794
9.794
10.024
9.794
9.794
9.564
10.024
10.484
10.484
10.254
10.024
10.254
10.254
10.484
9.794
10.714
9.794
10.484
10.484
10.898
10.898
10.484
10.714
10.484
10.484
10.484
10.714
10.714
10.898
11.128
10.714
10.898
10.898
10.714
11.358
11.128
10.898
11.128
11.128
11.128
11.358
11.358
11.588
11.588
11.358
11.588
11.588
11.128
10.714
11.358
10.898
11.588
11.358
11.128
11.358
11.358
11.588
11.128
11.358
11.128
10.898
11.358
11.358
10.714
10.714
10.714
10.484
10.714
11.128
10.898
10.484
10.484
10.254
10.484
10.254
10.024
9.794
10.024
9.794
9.794
9.564
9.794
9.794
9.564
9.564
9.334
9.334
9.104
8.92
9.104
8.92
8.92
8.92
8.46
8.23
8.69
8.69
8.23
8.23
8
8
8
8
7.77
7.77
7.77
7.31
6.896
7.31
7.54
6.896
7.08
7.31
7.08
6.896
6.896
6.666
6.896
6.666
6.896
6.436
6.206
6.206
6.206
6.206
6.206
5.976
6.206
5.746
5.976
5.746
5.746
5.976
6.206
5.976
5.746
5.746
5.976
5.976
5.102
5.746
5.976
5.516
5.516
5.976
5.102
5.516
5.286
5.286
5.102
4.642
5.102
4.412
4.642
4.412
4.182
4.872
4.872
4.412
4.412
4.182
4.182
4.182
4.182
3.952
3.722
3.722
3.722
3.952
3.492
3.722
3.952
3.722
3.262
3.722
3.952
3.492
3.262
3.262
3.492
3.722
3.722
3.722
4.182
5.746
5.286
4.642
4.642
5.286
4.872
4.872
4.872
5.102
5.286
5.286
4.872
4.872
4.412
4.182
4.182
3.492
3.078
2.158
1.698
0.364
-0.556
-1.66
-3.224
-4.374
-5.708
-7.272
-7.962
-8.376
-9.526
-9.986
-9.756
-9.756
-9.526
-9.526
-9.296
-8.376
-8.192
-7.272
-6.582
-6.168
-6.168
-5.018
-4.788
-4.144
-4.788
-5.938
-5.018
-4.374
-4.558
-5.018
-4.788
-5.018
-5.248
-5.018
-5.018
-5.248
-5.018
-4.144
-4.558
-5.248
-4.788
-5.478
-5.018
-5.478
-5.938
-5.478
-6.168
-6.352
-7.042
-7.042
-7.272
-7.502
-7.272
-7.502
-8.192
-8.836
-9.296
-9.756
-10.216
-10.63
-10.4
-10.86
-10.86
-10.63
-11.32
-11.78
-11.55
-11.55
-11.32
-11.09
-11.55
-11.55
-11.09
-10.86
-10.63
-10.63
-10.4
-10.216
-10.4
-9.986
-9.296
-9.756
-9.986
-9.756
-9.756
-9.526
-9.296
-9.526
-9.526
-8.606
-8.836
-8.376
-8.606
-8.192
-8.376
-7.962
-7.732
-8.192
-7.732
-8.192
-7.962
-8.192
-7.962
-8.192
-8.606
-8.606
-9.066
-9.756
-9.066
-9.296
-9.756
-9.756
-9.986
-10.216
-10.4
-9.986
-9.986
-10.4
-9.986
-10.216
-9.526
-9.756
-9.526
-9.986
-9.526
-9.526
-9.296
-9.296
-8.836
-9.066
-8.192
-8.606
-8.376
-7.962
-7.962
-7.732
-7.272
-7.042
-6.582
-6.352
-5.938
-5.938
-5.478
-4.558
-4.558
-4.144
-4.374
-3.914
-3.684
-3.914
-3.454
-3.454
-3.224
-2.994
-2.994
-2.35
-1.89
-2.35
-2.12
-1.89
-1.66
-1.43
-1.89
-1.66
-1.43
-1.2
-0.74
-0.97
-0.97
-1.2
-0.556
-0.556
-0.74
-0.556
-0.326
-0.556
-0.096
-0.74
-0.326
-0.096
-0.556
-0.74
-0.326
0.134
-0.556
-0.096
0.134
-0.096
0.134
-0.096
0.134
-0.096
0.134
0.134
0.134
-0.556
-0.326
0.364
0.134
-0.326
-0.096
0.134
0.364
1.054
0.824
0.824
0.594
0.824
0.594
0.824
1.054
0.594
1.054
1.054
1.468
1.054
1.468
1.698
1.698
1.698
1.468
1.698
1.928
2.158
1.928
2.388
2.388
2.158
1.928
1.698
1.698
2.158
1.928
1.928
1.698
1.698
1.928
2.388
1.698
2.158
1.928
1.928
1.468
1.928
1.928
2.158
2.158
1.468
1.698
2.158
2.158
2.158
1.284
1.928
1.928
2.158
1.468
1.698
1.698
1.698
1.928
2.158
1.698
1.928
2.158
1.698
1.698
1.928
1.698
1.698
1.928
1.928
1.928
1.698
1.698
2.158
2.158
1.698
1.468
1.284
1.698
2.158
2.158
2.158
2.388
1.928
1.928
2.388
2.158
1.698
2.388
1.698
2.388
2.618
1.928
1.698
2.158
1.928
1.928
2.158
1.928
2.158
1.928
2.158
2.158
2.158
2.158
2.158
2.158
1.698
2.618
2.158
1.698
1.698
2.158
2.158
2.618
2.388
2.388
1.928
2.388
2.158
2.388
2.388
2.158
2.158
2.158
2.388
2.848
2.618
2.618
2.158
1.928
2.618
2.848
2.618
3.078
2.388
3.078
2.848
2.848
3.078
3.078
2.848
3.078
3.078
2.848
3.078
3.262
3.492
3.262
3.492
3.262
3.078
3.492
3.492
3.722
3.952
3.952
4.182
3.952
4.412
4.412
4.642
4.642
4.412
4.182
4.412
4.642
4.642
4.872
4.872
5.286
4.872
4.872
5.286
5.102
5.516
5.746
5.286
5.516
5.286
5.516
5.516
5.976
5.516
5.516
5.976
5.746
5.976
6.436
6.666
6.666
6.666
6.436
6.206
5.976
6.206
6.436
7.31
6.896
6.666
6.666
7.31
6.896
7.31
7.54
7.31
8
7.77
8.23
7.31
7.54
7.54
8
8.23
8.23
8.23
8
7.77
8.46
8.69
8.69
8.92
8.92
9.104
9.334
9.334
9.564
9.334
9.564
9.104
9.334
9.334
9.334
9.564
9.334
10.024
9.794
9.794
10.484
10.484
10.254
10.484
10.024
10.484
10.484
10.484
10.714
10.898
10.484
10.254
10.484
10.484
10.898
10.898
11.818
11.358
10.898
11.128
11.128
11.588
11.128
10.898
11.818
11.358
11.358
11.818
11.358
11.818
12.508
11.588
12.278
11.818
11.818
11.358
11.818
11.588
11.818
12.048
11.818
12.048
11.588
12.048
12.278
12.048
12.048
12.048
12.048
12.048
12.508
12.508
12.278
12.048
12.278
12.278
12.048
12.048
12.048
11.588
11.588
12.048
11.818
11.818
11.588
12.048
12.048
12.048
11.818
11.588
11.818
11.818
11.818
11.588
11.358
11.358
11.358
11.128
10.898
11.358
11.588
11.128
10.898
10.714
10.484
10.898
10.898
10.714
10.024
10.484
10.484
10.254
10.254
10.254
10.254
10.024
10.024
10.024
10.024
9.794
9.794
9.334
9.334
9.794
8.92
9.104
8.69
8.69
8.46
8
7.54
8
7.77
7.77
7.54
7.31
7.31
7.08
6.896
6.666
6.206
5.976
5.976
5.516
5.286
5.286
4.412
4.412
4.872
3.952
3.952
3.492
3.262
3.078
2.848
1.928
1.928
1.054
1.054
1.054
1.054
0.824
0.134
-0.096
-0.096
-0.556
-0.556
-1.43
-1.2
-1.66
-1.89
-2.35
-2.35
-3.224
-3.684
-3.914
-4.144
-4.374
-5.018
-5.248
-5.938
-5.708
-6.352
-6.812
-7.732
-7.962
-8.192
-8.606
-9.526
-9.756
-9.986
-10.86
-11.09
-11.55
-12.194
-12.654
-13.114
-13.574
-13.804
-14.218
-14.678
-15.138
-15.368
-15.828
-16.932
-16.702
-17.392
-17.852
-17.852
-18.266
-18.726
-18.496
-18.956
-18.956
-18.956
-19.186
-19.186
-19.186
-19.186
-18.726
-18.726
-19.186
-18.956
-19.186
-18.496
-18.266
-19.186
-18.496
-18.726
-17.852
-18.266
-17.852
-17.622
-17.622
-17.622
-16.932
-17.392
-17.162
-16.932
-17.162
-16.472
-16.472
-16.242
-16.012
-15.828
-15.368
-15.138
-15.138
-14.908
-14.908
-14.218
-13.804
-12.884
-13.114
-12.654
-12.01
-11.78
-11.09
-10.4
-11.09
-10.4
-10.4
-9.756
-9.756
-9.296
-9.066
-9.296
-8.836
-8.376
-8.192
-8.606
-8.376
-8.606
-8.606
-7.962
-8.192
-7.272
-7.272
-7.502
-7.272
-7.502
-7.272
-6.812
-7.042
-6.812
-6.352
-6.812
-6.352
-5.938
-6.168
-6.168
-6.168
-6.168
-5.938
-5.938
-6.168
-5.708
-5.708
-5.248
-5.938
-5.938
-5.478
-5.708
-5.478
-5.248
-5.018
-4.788
-5.018
-5.018
-4.558
-4.374
-4.558
-4.144
-3.914
-3.684
-3.684
-3.454
-3.224
-2.764
-2.994
-2.35
-2.35
-2.12
-1.66
-1.89
-1.89
-0.74
-0.556
-0.556
-0.326
-0.556
-0.326
-0.096
-0.096
0.134
0.134
0.594
0.134
0.594
0.594
0.594
0.824
0.824
1.284
1.284
1.468
1.698
1.698
1.698
1.698
2.158
2.158
2.618
2.618
2.388
2.618
2.848
2.618
3.262
3.262
3.078
3.492
3.078
3.262
3.492
3.952
4.182
4.182
4.182
4.642
4.412
4.642
4.872
5.286
5.102
4.642
5.102
5.102
5.102
5.286
5.286
5.516
5.516
5.746
5.976
5.746
6.206
6.206
5.976
6.436
6.436
6.436
6.666
6.666
6.436
6.436
6.896
6.896
7.77
7.08
7.08
7.08
7.31
7.08
7.31
7.08
7.31
7.31
7.77
7.54
7.54
7.54
7.77
8
8.23
8
8
7.77
8.23
7.77
8.46
7.77
7.77
8.23
8.46
8.23
7.77
8.46
8.23
8
8.69
8.23
8.46
8.46
8.46
8.69
8.92
8.46
9.334
8.69
8.92
9.104
9.334
9.104
10.024
9.104
9.334
9.564
9.104
9.794
9.564
8.92
9.104
9.334
9.104
9.564
9.564
9.564
9.564
9.564
9.564
9.564
9.334
9.794
9.564
9.564
9.794
9.794
9.334
9.564
9.334
9.794
9.794
9.794
9.564
9.334
9.794
9.564
9.104
9.794
9.104
9.564
9.564
9.104
9.104
9.334
8.92
9.334
9.104
8.69
8.69
8.69
8.69
8.69
8.23
8
8.23
8
8
7.31
7.54
8
8.23
7.77
8
7.54
7.08
7.08
7.08
6.896
6.896
6.896
7.08
6.896
6.666
6.206
7.08
6.666
6.436
6.436
6.436
6.206
6.896
5.976
6.206
5.976
5.746
5.746
5.976
5.976
5.746
6.206
5.516
5.516
5.746
5.516
5.286
5.286
5.516
5.286
5.516
5.286
4.872
5.516
5.102
5.102
5.102
4.872
4.872
4.642
4.872
4.872
4.412
4.642
4.182
4.412
4.872
4.642
4.412
3.952
3.952
3.952
4.182
3.492
3.492
3.492
3.722
3.492
3.492
3.722
3.952
3.492
3.952
3.952
3.262
3.492
3.262
3.262
3.722
3.492
2.848
4.182
3.722
3.722
3.492
3.722
3.262
3.722
3.952
3.722
3.952
3.952
3.722
4.182
3.492
4.412
4.182
3.952
3.952
4.182
4.182
4.182
3.722
4.182
3.952
4.182
4.182
4.182
4.182
3.952
4.412
5.286
5.746
5.286
5.286
4.872
5.286
4.872
5.102
5.516
5.102
5.102
5.516
4.872
5.102
5.102
4.642
4.642
3.952
3.952
2.848
2.158
1.054
-0.326
-1.89
-2.534
-3.684
-4.788
-5.708
-6.352
-7.042
-8.192
-8.376
-8.376
-7.962
-7.732
-7.042
-6.352
-5.248
-4.788
-4.558
-3.454
-2.994
-2.35
-2.35
-2.534
-2.994
-2.994
-2.12
-2.764
-3.224
-3.454
-4.374
-4.374
-5.018
-5.708
-5.938
-6.352
-6.812
-6.812
-6.168
-6.582
-7.272
-7.502
-8.192
-8.836
-9.526
-9.296
-9.986
-10.216
-10.216
-10.63
-10.4
-11.55
-11.55
-12.654
-12.654
-13.114
-13.804
-13.114
-13.574
-14.034
-13.574
-13.804
-14.034
-14.448
-14.448
-14.218
-13.804
-14.034
-13.804
-13.114
-13.114
-13.114
-13.574
-12.884
-12.654
-12.424
-12.884
-12.424
-11.55
-11.55
-11.32
-11.32
-10.86
-10.86
-10.4
-10.86
-10.86
-10.4
-10.216
-10.63
-11.09
-10.86
-10.4
-10.63
-10.63
-10.63
-10.216
-10.216
-9.756
-9.986
-9.986
-9.986
-10.63
-11.09
-11.55
-11.09
-11.32
-11.32
-12.01
-11.78
-11.55
-11.32
-11.09
-11.78
-11.55
-11.78
-12.194
-11.55
-11.55
-12.01
-11.55
-11.55
-11.32
-11.09
-11.09
-11.09
-10.86
-10.63
-10.86
-10.63
-10.216
-9.986
-9.526
-9.526
-9.296
-8.836
-8.606
-8.606
-8.376
-7.962
-7.272
-7.272
-7.272
-6.812
-6.582
-6.352
-5.478
-5.248
-4.788
-5.248
-5.018
-4.788
-4.374
-4.374
-4.558
-3.914
-3.684
-3.224
-3.684
-3.224
-3.224
-2.994
-2.994
-2.12
-2.35
-2.764
-2.994
-2.534
-2.764
-2.534
-2.35
-1.89
-2.12
-1.89
-1.89
-1.66
-1.66
-1.66
-1.43
-1.89
-1.43
-1.43
-1.43
-1.43
-1.2
-1.2
-1.2
-1.89
-1.66
-1.2
-1.66
-1.66
-1.66
-1.66
-1.43
-0.97
-0.97
-1.2
-1.2
-1.66
-1.43
-0.74
-0.97
-1.2
-0.556
-0.556
-0.556
-0.74
-0.74
-0.74
-0.556
-0.326
-0.326
-0.326
-0.096
0.134
0.364
0.134
0.594
0.594
0.364
-0.096
0.594
0.824
0.594
0.594
0.364
1.054
1.284
0.824
1.284
0.824
1.284
1.054
1.054
0.824
0.824
1.054
0.824
1.284
0.824
0.594
0.824
0.594
0.824
0.824
0.824
1.054
1.054
1.284
0.824
1.054
1.284
0.824
0.824
0.824
1.284
0.594
0.594
1.284
0.824
0.824
0.824
0.594
1.054
1.284
1.284
1.054
0.824
1.284
1.468
0.824
1.468
1.468
0.824
1.284
1.284
0.594
0.364
0.134
1.054
0.824
1.284
1.284
1.054
1.054
1.284
1.054
1.284
1.054
1.698
1.284
1.054
1.054
1.054
1.054
1.054
1.284
1.468
1.284
1.468
1.054
1.284
1.468
1.468
1.284
1.468
1.468
1.468
1.468
1.468
1.468
1.468
1.698
1.468
1.698
1.698
1.928
1.928
1.468
1.698
1.698
1.468
1.928
2.158
2.388
1.698
1.928
1.698
2.158
2.618
2.618
1.928
2.158
2.388
2.388
2.388
2.388
2.848
2.848
2.618
2.618
2.618
2.618
2.618
2.848
3.262
2.848
2.618
3.078
3.078
2.848
3.262
3.492
3.078
3.492
3.262
3.078
3.078
3.078
3.492
3.492
3.952
3.492
3.262
3.722
3.078
3.722
3.952
4.182
3.722
3.492
3.492
4.182
4.182
4.182
4.182
3.952
4.182
4.182
4.642
4.642
4.642
4.642
4.412
4.412
5.102
4.872
4.642
5.286
4.872
4.642
5.102
5.286
4.872
5.102
5.516
5.516
5.286
4.872
5.746
5.516
5.286
5.746
5.746
5.976
5.976
5.516
6.206
5.976
5.976
6.436
6.436
6.206
6.666
6.206
6.206
6.436
6.666
6.436
6.896
6.436
6.436
7.31
7.08
7.31
7.08
7.08
7.54
7.08
7.31
7.54
8.46
8.46
8
7.54
8.23
8.23
8.46
8.92
8.46
8.46
8.69
8.69
8.69
8.46
8.92
8.92
9.104
9.104
9.334
9.564
9.334
9.104
9.564
8.92
9.794
9.334
9.334
9.334
9.794
10.254
10.254
10.254
10.714
10.484
10.484
10.024
10.714
11.128
11.128
11.128
11.128
11.128
11.358
11.128
10.714
11.358
11.358
11.358
11.128
11.358
11.588
11.818
12.048
11.818
11.588
11.588
12.278
12.508
12.048
12.508
12.738
12.508
12.508
12.738
12.508
12.922
12.738
12.508
12.922
12.738
12.508
13.152
12.738
12.738
13.152
12.738
12.922
13.382
13.612
12.922
13.152
13.152
13.152
13.382
13.612
13.382
12.738
13.382
13.152
13.382
13.382
13.152
12.922
13.152
12.738
13.382
13.152
13.152
13.152
12.738
13.382
13.152
13.152
13.152
13.382
12.738
13.612
12.922
12.922
13.612
13.152
13.152
13.612
12.922
12.922
13.382
12.738
12.922
13.152
13.152
12.508
13.152
12.922
12.738
12.508
12.508
12.508
12.508
11.588
11.818
11.588
11.588
11.588
11.358
10.898
11.128
11.128
10.714
10.714
10.714
10.254
10.714
10.024
10.024
10.024
9.564
9.564
9.104
9.104
8.69
8.69
8.69
8.23
8
8
8
7.31
7.08
6.896
6.896
5.976
5.976
5.516
5.102
5.286
5.516
3.952
4.182
4.182
3.722
3.722
3.262
3.078
2.848
2.848
2.388
1.928
1.698
1.468
0.824
0.824
0.134
-0.74
-0.326
-0.74
-1.2
-1.43
-1.66
-1.89
-2.12
-2.764
-2.764
-3.454
-3.684
-4.374
-4.374
-4.788
-5.938
-5.938
-5.938
-6.582
-6.582
-6.812
-7.042
-7.502
-7.962
-8.376
-8.606
-8.606
-9.066
-9.526
-9.296
-9.526
-9.756
-9.756
-9.756
-9.756
-9.756
-9.986
-9.986
-9.756
-9.986
-9.986
-9.986
-9.756
-9.986
-9.526
-9.756
-9.756
-10.216
-9.986
-10.216
-9.986
-9.756
-9.756
-9.756
-9.296
-8.606
-8.836
-9.526
-9.066
-8.836
-9.066
-8.376
-8.606
-8.606
-7.962
-8.376
-8.376
-7.962
-7.502
-7.732
-7.962
-7.042
-6.812
-6.582
-6.582
-6.168
-6.352
-5.708
-5.248
-5.478
-5.018
-4.558
-4.144
-4.558
-4.144
-3.684
-3.914
-2.994
-3.224
-3.224
-2.994
-2.994
-3.454
-2.35
-2.35
-2.534
-2.35
-2.12
-1.66
-2.12
-2.12
-2.12
-2.35
-1.89
-1.89
-1.66
-1.43
-1.66
-2.35
-1.89
-1.66
-1.89
-1.66
-1.66
-1.2
-0.74
-1.2
-1.43
-1.43
-0.74
-0.74
-1.2
-0.326
-0.556
-0.326
0.134
-0.096
0.134
-0.096
-0.096
0.594
0.364
0.824
0.824
1.468
1.284
1.928
1.054
1.928
1.698
2.388
2.388
2.388
2.158
2.388
2.158
2.388
2.848
2.618
2.158
2.618
2.618
2.618
3.078
3.078
3.078
3.492
3.262
3.492
3.722
3.492
3.722
3.722
3.492
3.722
3.952
3.722
4.182
3.722
3.722
3.492
3.722
4.182
4.412
4.412
4.872
4.182
4.642
4.872
4.872
4.642
4.872
4.872
5.102
5.286
5.102
4.872
5.516
5.286
5.102
5.286
5.516
5.516
5.286
5.516
5.746
5.746
5.976
5.516
5.746
5.746
6.436
6.206
5.976
5.976
5.976
5.516
6.206
6.206
5.976
6.436
6.206
5.976
6.206
6.206
6.436
6.436
6.436
6.666
6.666
6.436
6.666
6.666
6.436
6.666
6.666
6.436
7.08
6.666
6.666
6.666
6.666
7.08
6.666
6.666
7.08
7.08
6.666
7.54
7.31
7.31
7.31
7.08
7.31
7.54
7.08
6.896
7.54
6.896
7.08
7.54
7.54
7.54
7.54
7.54
7.77
7.77
7.54
8
8
7.77
8.46
8.23
8.23
8
7.77
8
8.23
8.23
8.23
8.23
8.23
8
8
8.23
7.77
8.46
8
8
8
7.77
8.46
7.54
7.77
8
8
7.77
7.77
8
7.77
7.77
7.77
7.77
7.31
6.896
7.31
7.31
7.08
7.08
7.54
7.08
7.08
6.896
6.666
6.666
6.896
6.206
6.436
6.436
5.976
6.206
6.206
6.206
6.206
5.286
5.516
5.976
5.516
5.102
5.102
4.872
4.642
4.642
4.182
4.642
4.182
4.182
3.952
3.492
3.722
3.262
3.492
3.262
3.078
3.078
2.848
2.848
2.618
2.388
2.388
2.388
2.158
2.158
2.158
1.928
1.698
1.698
1.698
1.468
0.824
1.054
0.824
0.824
1.054
1.054
0.824
0.594
0.364
0.594
0.364
-0.096
0.134
-0.326
-0.096
-0.096
-0.096
-0.556
0.364
-0.096
-0.74
-0.74
-1.2
