26.422
26.932
27.187
27.442
27.697
27.952
27.697
27.697
27.442
27.187
27.952
28.156
27.697
28.156
28.666
28.156
27.952
27.697
27.952
28.666
28.156
28.156
28.156
27.952
28.156
28.411
29.176
28.411
29.176
28.411
28.411
28.411
28.921
28.666
28.666
29.431
29.941
29.176
29.176
29.176
29.176
29.941
29.686
29.686
29.686
29.686
29.431
29.941
30.196
29.686
30.196
29.686
29.686
29.941
30.4
30.196
30.655
30.655
30.196
30.91
30.4
31.165
30.655
30.655
31.165
30.91
30.655
31.165
30.655
31.165
30.91
31.42
31.675
31.165
31.42
31.675
31.675
31.675
31.93
30.91
31.165
31.93
31.42
31.675
31.675
31.93
31.42
31.93
32.185
31.93
32.185
32.644
32.389
32.899
32.389
32.899
32.185
32.644
31.93
32.644
32.644
32.644
32.185
31.93
32.899
32.644
32.644
32.389
31.93
32.389
33.409
32.644
32.899
32.899
32.389
32.899
33.154
32.899
32.644
32.644
33.154
33.154
33.154
33.154
32.899
33.154
33.154
32.389
32.899
33.154
33.154
33.409
33.154
33.409
33.154
33.409
32.899
33.154
33.154
33.154
33.409
33.919
33.664
33.409
33.154
32.899
33.664
33.664
33.919
33.664
34.174
33.154
33.664
34.174
33.664
33.664
33.919
33.409
33.919
34.174
34.174
34.429
34.174
33.919
33.664
33.919
34.174
34.174
33.919
33.664
34.174
34.174
33.919
33.664
34.174
33.664
33.664
34.174
33.664
33.409
34.174
33.664
33.919
33.919
33.919
34.174
34.429
34.174
33.409
33.919
33.664
34.174
33.919
34.174
34.174
34.633
34.174
33.919
33.919
34.174
34.174
33.919
34.174
33.919
34.174
34.429
34.174
34.174
34.174
33.919
34.174
34.429
34.633
34.429
34.174
34.174
34.429
34.429
34.174
34.633
34.429
34.429
34.633
34.633
34.633
34.888
34.429
34.633
34.429
34.174
34.633
34.174
34.633
34.633
33.919
34.429
34.429
34.429
33.664
34.429
34.633
34.633
34.633
34.429
34.429
34.174
34.633
34.633
34.633
34.888
34.174
35.143
35.143
34.888
35.143
35.143
34.633
35.143
35.143
34.888
35.398
34.888
35.398
35.653
35.398
35.398
34.888
34.888
35.398
35.143
35.653
35.398
35.398
35.143
35.908
35.143
35.653
35.908
35.908
35.653
35.908
35.398
35.653
35.398
35.398
35.143
35.398
35.398
35.143
35.908
36.163
34.633
36.163
36.163
35.653
35.143
34.888
35.398
35.398
35.908
35.398
35.653
36.163
35.398
35.653
35.653
35.653
36.163
35.908
35.908
35.398
35.908
35.143
35.398
35.653
35.398
35.398
35.908
35.653
35.908
35.908
35.398
35.908
36.622
36.163
36.418
35.398
35.653
35.908
36.622
35.908
36.418
36.622
35.653
36.163
36.418
36.418
36.418
35.908
35.908
36.622
36.418
36.163
36.622
36.163
35.908
36.163
36.622
36.622
36.163
36.163
36.622
36.418
36.622
36.418
36.418
36.622
36.163
36.622
36.418
36.622
36.163
36.418
36.418
36.163
36.418
36.163
36.622
36.163
36.418
36.622
36.163
36.418
36.163
36.418
36.622
36.622
37.132
36.418
36.163
36.418
36.418
36.622
36.877
36.622
36.418
36.418
36.622
36.622
36.622
36.622
36.622
36.877
37.387
37.132
37.132
36.877
36.877
37.132
36.622
36.418
36.622
36.622
37.132
37.387
37.642
36.877
36.877
36.877
37.387
37.387
37.642
38.152
38.152
37.387
37.132
37.132
36.877
37.132
37.387
37.132
37.387
37.642
37.642
37.387
37.132
37.387
37.387
37.132
36.877
37.897
37.132
37.387
37.132
37.132
36.877
37.387
36.877
37.132
36.163
36.622
36.877
36.418
36.418
36.622
36.622
36.418
36.622
36.418
35.908
35.908
35.908
35.398
35.398
35.653
35.398
35.398
34.888
34.429
34.633
35.143
35.143
34.633
34.633
34.174
34.429
34.429
33.664
33.154
34.174
33.664
33.664
33.154
32.899
33.409
32.185
32.899
32.899
32.389
31.93
31.93
31.93
31.42
31.42
31.165
31.42
30.91
30.91
30.655
30.91
30.655
30.4
30.4
30.196
29.941
29.686
29.686
29.431
29.431
28.666
29.431
28.921
29.176
28.666
29.176
28.921
28.666
28.921
28.411
28.921
28.156
28.156
28.411
28.411
28.156
27.952
28.411
27.442
27.187
27.187
27.697
27.442
27.187
26.422
26.932
26.677
27.187
26.167
26.422
26.422
25.708
26.677
26.167
25.912
25.912
25.453
25.453
25.912
25.198
25.453
25.453
25.198
25.453
25.198
25.198
24.688
24.943
24.178
24.433
24.178
24.433
24.178
24.433
24.433
24.433
23.719
22.954
23.719
23.209
23.209
23.209
23.464
22.954
22.954
23.209
22.954
22.444
22.699
22.189
21.475
21.679
21.679
21.934
21.22
21.934
21.934
20.965
20.965
21.22
21.475
20.71
21.475
20.455
20.455
20.2
20.2
20.2
19.945
20.455
19.945
19.69
19.69
19.231
19.231
18.976
19.486
18.976
18.976
18.466
19.231
18.721
18.211
17.956
17.956
17.446
18.466
17.956
18.211
17.446
17.446
17.446
17.701
17.446
17.242
16.732
16.987
16.987
16.987
16.222
15.967
16.477
15.967
16.222
16.477
16.222
16.222
15.967
15.712
15.457
15.712
15.712
15.457
15.457
14.998
15.457
15.253
15.253
15.253
14.488
14.233
14.488
14.743
14.998
14.233
13.978
13.723
14.488
13.468
13.723
13.978
13.723
13.213
13.213
13.213
13.723
13.978
13.213
13.009
13.009
12.754
13.009
12.754
13.213
12.754
12.754
11.989
12.244
12.499
12.754
12.244
11.989
12.499
12.244
11.734
11.734
11.734
12.244
11.734
11.479
11.479
11.224
11.479
11.479
11.479
10.765
11.02
11.224
11.224
11.02
11.02
11.02
11.02
11.02
11.02
10.765
10
10.255
10.765
11.02
11.02
10.51
10.51
10.255
10.51
10
10.255
10.51
10
10
10
9.235
10.255
10
9.235
9.49
9.49
9.49
9.235
9.49
9.49
9.235
8.776
8.98
8.521
8.521
8.776
8.776
8.521
8.011
8.011
8.011
7.756
8.266
7.756
7.501
7.501
8.011
8.266
7.756
7.756
7.246
8.011
6.991
7.246
6.787
6.991
7.246
7.246
7.246
6.991
6.991
6.787
6.787
6.532
6.787
6.532
6.532
6.787
6.532
6.532
6.277
6.787
6.787
6.532
6.022
6.022
6.022
5.767
6.022
5.767
5.767
5.257
5.257
5.257
5.257
5.257
5.767
5.512
5.257
4.543
5.002
5.002
4.543
5.002
5.002
5.257
4.747
5.002
4.543
4.543
4.543
4.747
4.747
4.543
4.288
4.288
4.033
4.033
4.543
4.033
4.033
4.033
3.523
3.778
4.543
3.523
3.523
3.523
3.268
3.268
3.523
3.523
3.268
2.758
3.013
2.554
3.268
2.299
2.554
2.299
2.299
2.554
1.789
2.299
1.789
1.534
2.044
1.789
1.789
1.534
1.024
1.279
1.534
0.769
0.769
0.769
1.024
1.024
0.769
1.024
0.769
0.769
0.514
0.514
0.055
-0.2
0.055
0.055
0.055
-0.2
-0.455
-0.2
-0.455
-0.71
-1.475
-1.475
-1.475
-1.679
-1.679
-1.934
-1.934
-1.934
-1.934
-2.189
-1.679
-1.934
-2.954
-2.954
-2.954
-2.954
-3.464
-2.954
-2.699
-3.209
-3.209
-3.464
-3.923
-3.923
-4.178
-3.464
-3.923
-4.433
-4.178
-4.433
-4.178
-4.943
-4.433
-4.433
-4.688
-5.198
-4.943
-4.688
-4.943
-5.453
-5.708
-5.708
-5.708
-6.167
-5.453
-5.708
-5.912
-6.167
-6.167
-6.167
-6.677
-6.422
-6.677
-6.167
-6.932
-6.422
-6.932
-6.677
-6.167
-6.167
-6.932
-7.187
-7.697
-7.187
-7.187
-7.187
-7.442
-7.187
-7.187
-7.187
-7.952
-7.697
-7.697
-7.952
-7.442
-7.952
-7.952
-8.921
-8.156
-8.156
-8.156
-7.697
-8.156
-8.411
-8.156
-8.411
-7.697
-7.952
-8.156
-7.952
-8.411
-8.666
-8.921
-8.921
-8.156
-8.666
-8.666
-8.666
-8.921
-8.156
-8.921
-9.176
-9.176
-9.176
-8.921
-9.176
-8.666
-8.921
-8.666
-8.411
-8.666
-8.921
-8.156
-8.666
-9.431
-8.666
-9.431
-8.666
-9.176
-9.176
-9.686
-9.176
-9.431
-8.921
-9.431
-9.431
-8.921
-8.921
-9.176
-8.921
-8.666
-8.666
-8.666
-8.921
-8.156
-8.156
-8.921
-8.921
-8.666
-8.921
-8.411
-9.431
-8.156
-8.666
-8.411
-7.952
-7.952
-8.411
-7.952
-7.952
-7.952
-7.697
-7.697
-7.697
-7.187
-6.932
-7.952
-7.187
-7.187
-6.677
-6.422
-6.422
-6.167
-6.422
-6.422
-6.167
-6.167
-5.708
-5.912
-5.912
-5.198
-5.198
-4.943
-5.198
-4.688
-4.433
-4.433
-3.719
-4.178
-3.923
-3.464
-3.719
-3.464
-2.954
-2.954
-3.209
-3.464
-2.444
-2.954
-1.22
-1.679
-1.679
-1.22
-1.22
-0.71
-0.455
-0.455
-0.2
0.055
0.31
0.514
0.514
0.769
1.279
1.789
1.279
1.534
2.299
2.758
2.758
3.268
3.523
4.033
4.033
4.288
4.543
5.002
4.747
5.512
5.512
5.512
6.277
6.532
6.022
6.991
6.787
7.246
8.011
8.011
8.266
8.266
8.521
9.235
8.98
9.745
10
10
10
10.765
11.224
10.765
11.224
11.734
11.479
11.479
11.734
12.754
12.754
13.213
13.009
13.009
13.213
13.468
13.468
13.978
14.488
14.743
14.488
14.998
14.998
14.998
15.457
14.998
15.712
15.253
15.253
15.712
15.967
15.967
15.712
15.967
16.477
16.732
16.477
16.732
16.477
16.222
16.732
16.987
17.242
17.446
17.242
17.956
17.956
17.956
18.466
18.721
18.721
18.466
18.466
19.231
19.69
18.976
19.486
19.231
19.486
19.945
19.945
19.945
20.2
19.945
20.455
20.455
20.2
20.71
20.965
20.455
21.475
21.22
21.475
21.475
21.475
21.679
21.934
22.189
22.189
21.679
22.444
22.444
22.954
23.209
22.954
23.209
22.954
23.209
23.209
23.923
24.688
24.433
23.464
24.688
24.433
24.688
24.433
24.943
25.453
25.198
25.708
25.198
25.708
26.167
25.453
25.453
25.708
26.677
26.677
26.677
26.422
26.167
26.677
26.932
26.932
27.187
27.187
26.932
27.187
27.442
27.442
27.187
27.697
27.952
27.952
27.952
28.156
27.952
28.156
28.156
28.411
28.921
28.666
28.666
28.921
28.666
29.431
29.686
29.686
29.176
29.176
30.196
29.686
29.941
30.4
30.4
30.655
30.91
30.655
31.165
30.655
31.165
31.675
31.165
31.165
31.675
31.93
32.185
32.185
31.42
32.185
32.185
33.154
32.644
32.899
32.389
32.644
33.409
33.154
33.664
33.664
33.919
33.664
33.664
33.664
34.174
33.919
34.429
34.429
33.664
34.633
34.174
34.429
34.633
34.429
34.888
34.888
34.888
35.143
34.429
34.888
35.143
35.398
34.888
35.143
35.398
35.143
35.398
35.398
35.908
34.888
35.143
35.653
35.398
35.398
34.888
35.398
35.908
35.908
35.398
35.653
35.653
35.143
35.908
35.908
35.653
35.143
35.653
35.908
35.908
35.398
35.653
35.398
36.163
35.143
35.908
35.653
35.398
35.653
35.908
35.398
34.888
34.888
35.143
34.888
35.143
35.908
34.888
35.143
34.888
35.143
35.143
34.888
34.429
35.143
34.633
34.633
34.429
34.633
34.633
34.429
34.633
34.633
33.919
34.174
34.174
33.664
33.409
34.174
34.429
33.409
33.409
33.919
33.409
33.154
33.664
33.154
32.644
33.154
33.664
32.899
32.899
32.185
32.644
32.185
32.644
32.899
32.644
32.644
31.93
32.185
32.389
31.93
32.644
31.675
31.42
31.42
32.185
31.675
31.165
31.675
31.42
31.675
31.165
31.42
31.165
31.165
30.91
31.42
30.655
30.91
30.4
31.165
30.91
30.196
30.655
30.91
30.196
30.655
30.4
30.4
30.655
29.941
30.4
30.196
29.941
30.4
30.655
30.655
30.196
30.4
30.4
30.4
30.196
30.4
30.4
30.4
30.4
30.4
30.655
30.91
29.941
30.655
30.655
30.91
30.655
30.91
30.655
30.4
30.655
30.91
30.655
31.42
31.165
30.91
31.165
30.655
31.42
31.675
30.91
31.675
31.42
32.185
31.675
31.93
32.185
32.644
31.93
31.93
32.185
31.93
32.185
32.899
32.389
32.644
33.409
32.899
32.644
32.644
33.154
32.899
33.409
33.664
33.409
33.664
34.429
34.429
34.174
34.174
34.633
34.633
33.919
34.429
34.633
34.429
34.633
34.633
34.429
35.143
34.633
34.633
34.633
35.143
34.888
34.429
34.888
35.143
34.633
35.143
34.888
34.888
35.143
34.633
35.143
34.429
34.888
34.429
34.429
34.633
34.888
34.633
35.143
34.888
34.429
34.429
33.919
34.174
34.429
34.633
34.429
34.429
34.174
33.919
34.174
34.174
34.429
33.919
34.174
34.174
34.633
34.429
34.174
33.919
33.664
34.429
35.398
33.919
33.919
34.633
33.919
33.919
34.174
34.174
33.664
33.919
34.174
33.664
33.919
33.919
33.919
33.154
33.664
33.409
33.409
33.664
33.919
33.409
32.644
33.154
33.409
32.899
33.409
32.899
32.899
32.644
32.389
32.389
31.93
32.389
32.185
32.185
31.42
31.93
31.93
31.42
31.93
31.42
31.93
31.42
31.42
31.42
31.165
31.675
31.165
30.4
30.91
30.655
30.4
31.165
30.91
30.196
30.196
30.4
30.91
29.941
30.196
29.431
29.686
29.431
28.666
29.176
28.921
28.921
29.176
28.156
28.921
27.952
27.952
28.156
28.156
27.952
27.952
28.156
27.697
27.187
27.442
26.677
26.677
26.932
27.187
26.677
26.422
26.677
26.422
25.912
26.932
26.422
26.167
25.912
25.708
25.453
25.453
25.912
25.453
25.912
24.943
25.198
25.453
25.198
25.912
24.943
24.688
25.198
25.198
25.198
24.433
23.923
24.433
24.688
24.688
24.178
23.464
23.209
23.464
23.209
23.209
22.954
22.699
22.189
21.934
21.679
21.934
22.189
21.22
20.71
20.455
20.71
20.455
20.455
20.2
19.945
19.486
18.976
18.976
19.231
18.721
18.466
18.211
18.721
17.701
17.956
17.446
16.987
16.477
16.987
16.732
16.732
16.477
15.712
16.477
15.967
15.712
15.712
15.253
14.998
14.488
14.743
14.743
14.233
14.488
14.998
14.233
14.743
14.488
14.233
13.723
13.978
13.723
13.723
13.978
13.213
13.468
13.723
13.213
13.468
13.213
13.009
12.499
13.213
13.213
12.244
12.754
12.754
11.734
11.734
12.244
12.499
12.244
12.244
12.244
11.989
11.479
12.244
11.224
11.02
11.224
11.224
11.479
10.765
10.765
10.765
10.765
10.255
10.51
10.255
10.51
10.51
10.51
10.255
10
10
10.255
9.49
10
10.51
9.49
9.745
9.49
9.49
9.235
9.49
9.745
9.235
9.235
9.235
8.776
8.521
9.235
8.776
8.98
9.235
9.49
8.521
8.266
8.011
8.521
8.266
8.266
7.756
8.011
8.521
8.266
8.011
8.521
7.501
8.011
7.756
7.501
7.501
7.246
7.756
6.991
7.246
7.246
7.246
7.246
6.991
6.991
6.787
6.532
6.787
6.532
5.512
5.767
6.022
5.767
6.787
5.767
5.767
6.022
5.767
5.512
5.002
4.543
5.002
5.512
5.512
5.512
4.747
5.002
4.288
4.747
4.747
4.288
4.033
4.033
4.288
3.778
3.778
3.268
3.523
3.523
3.523
3.013
2.758
2.554
3.013
2.758
2.758
2.554
2.299
2.299
2.299
1.789
2.044
2.044
2.044
1.279
1.789
1.279
2.299
1.534
1.024
1.024
1.534
1.534
0.514
-0.455
0.055
0.055
0.31
0.514
0.055
0.055
0.055
-0.2
-0.71
-0.455
-0.965
-1.22
-0.965
-0.455
-0.965
-1.22
-1.22
-1.679
-2.189
-1.475
-2.444
-1.475
-1.934
-1.679
-2.699
-2.444
-2.699
-2.954
-3.209
-2.444
-2.189
-2.699
-2.444
-2.699
-2.444
-2.954
-3.464
-3.209
-3.719
-3.464
-3.209
-3.209
-3.719
-4.178
-3.923
-3.719
-4.178
-4.433
-4.433
-4.688
-4.433
-4.433
-4.433
-4.943
-5.198
-5.198
-5.198
-5.708
-5.198
-5.708
-5.912
-5.453
-5.912
-6.422
-6.422
-6.677
-6.167
-6.167
-6.422
-6.677
-6.932
-7.187
-6.932
-7.187
-7.187
-7.442
-7.442
-7.442
-7.697
-7.697
-7.952
-8.156
-8.411
-7.697
-7.952
-8.156
-8.411
-8.666
-8.156
-8.156
-8.666
-8.411
-8.411
-8.921
-9.431
-8.921
-9.176
-9.431
-8.921
-9.431
-9.686
-9.431
-9.941
-9.431
-9.176
-9.431
-9.431
-9.686
-9.941
-9.431
-10.196
-9.686
-9.941
-10.196
-10.196
-10.196
-10.4
-10.4
-10.4
-10.655
-10.4
-10.655
-10.655
-10.91
-11.165
-10.655
-10.655
-11.675
-10.91
-11.675
-11.675
-11.42
-11.42
-11.675
-11.675
-11.165
-11.165
-11.42
-11.675
-11.675
-11.42
-11.42
-11.93
-11.93
-11.165
-11.93
-12.185
-12.185
-11.93
-11.93
-12.185
-12.185
-11.93
-11.675
-12.389
-11.93
-11.93
-12.389
-12.185
-12.185
-11.93
-12.644
-12.644
-12.899
-12.389
-12.389
-12.644
-12.644
-12.644
-12.644
-12.644
-12.644
-12.185
-12.389
-12.389
-12.389
-12.389
-12.899
-12.644
-12.389
-12.389
-12.899
-11.42
-12.185
-11.675
-11.93
-12.185
-11.93
-11.42
-10.91
-11.165
-11.42
-11.675
-11.42
-11.165
-11.42
-11.42
-11.42
-10.91
-11.165
-11.42
-10.655
-11.42
-10.91
-10.655
-9.941
-10.196
-10.655
-10.4
-9.941
-9.431
-8.921
-9.176
-8.921
-9.686
-9.176
-8.666
-8.666
-8.666
-8.666
-8.411
-7.952
-7.952
-8.411
-8.156
-7.442
-7.697
-7.697
-7.187
-6.677
-6.932
-6.167
-6.677
-5.708
-4.943
-5.912
-5.708
-5.453
-5.453
-4.943
-4.178
-4.433
-4.178
-3.464
-3.209
-3.209
-2.954
-3.209
-2.444
-2.699
-2.444
-1.934
-1.679
-1.22
-1.22
-0.71
-1.22
-0.71
0.31
-0.2
0.31
0.514
1.024
1.534
1.789
1.534
1.789
2.758
2.299
2.554
3.013
3.013
2.758
3.778
3.778
4.033
4.033
4.747
4.747
4.543
6.022
6.022
6.022
5.767
6.277
6.991
6.991
6.991
7.501
8.011
7.501
8.266
8.776
8.521
8.98
8.98
9.235
8.98
9.49
9.745
10
10.255
9.745
10.255
11.02
10.51
10.765
10.765
11.224
11.02
11.224
11.224
11.734
11.479
11.989
12.244
12.244
11.989
13.009
13.009
13.009
13.009
13.009
12.754
13.009
13.468
13.723
14.488
13.723
14.743
15.253
14.998
14.743
15.253
14.998
15.457
16.222
15.967
15.967
16.477
16.477
16.477
16.732
17.242
16.987
16.987
16.732
17.701
17.242
18.211
17.956
17.701
18.466
18.211
18.976
18.721
19.486
19.69
19.231
19.69
19.486
19.945
20.2
19.945
20.71
20.71
20.455
20.455
21.22
21.22
20.965
20.965
21.934
21.679
21.22
21.22
21.934
22.699
22.444
22.189
22.954
22.189
22.699
22.954
22.444
22.699
22.699
22.954
23.209
23.209
23.464
24.178
23.464
24.433
23.719
23.719
23.923
24.433
24.433
24.178
24.178
24.433
24.688
24.433
24.943
24.178
24.943
24.943
24.943
24.943
25.453
25.912
25.708
25.453
25.708
25.453
26.167
26.422
26.422
26.422
27.187
26.677
27.442
26.677
26.932
27.187
27.442
27.952
28.156
28.411
28.411
27.952
28.411
28.156
28.666
28.921
28.921
29.431
29.176
29.431
29.686
30.196
30.196
30.655
30.4
31.165
31.165
31.165
30.91
30.91
31.165
31.165
32.185
31.675
32.389
31.93
32.185
32.185
32.899
32.899
32.389
33.154
33.154
32.899
33.154
33.409
32.899
33.664
33.154
33.664
33.409
33.409
32.899
33.409
34.429
34.174
34.174
34.633
33.919
34.429
34.633
34.429
34.888
34.429
34.174
34.633
34.429
34.429
34.633
34.888
34.633
34.888
34.633
34.429
34.429
34.888
34.633
34.429
34.888
34.888
34.888
34.888
34.633
34.633
34.429
34.633
34.888
34.633
33.919
34.633
34.429
35.143
35.143
34.633
34.633
34.174
34.174
34.633
34.429
33.919
34.429
34.633
34.429
34.429
34.174
33.919
34.174
34.174
33.664
33.919
33.409
33.409
33.409
33.154
33.409
32.899
33.154
32.899
32.899
32.644
32.899
32.185
32.644
32.389
32.185
32.389
32.185
32.185
32.185
31.93
31.93
32.185
31.675
31.42
31.93
31.42
31.42
31.42
31.165
31.165
30.91
30.196
30.4
30.196
29.941
30.4
29.941
30.196
29.941
29.941
29.686
29.686
29.686
29.176
29.176
28.666
28.921
28.666
28.666
28.411
28.921
28.666
28.156
27.952
28.666
28.411
28.666
28.156
28.156
27.952
27.697
27.442
27.442
27.697
27.697
27.442
28.156
27.952
27.442
27.442
26.932
27.442
27.697
27.952
27.952
27.697
27.697
27.697
27.442
27.442
27.952
27.952
27.697
27.442
28.156
27.952
27.952
27.952
27.697
28.411
28.411
27.952
27.952
27.952
27.697
27.952
29.431
29.176
28.921
29.176
28.921
29.431
29.941
29.176
28.921
29.431
29.686
30.196
30.655
29.941
30.91
30.196
30.655
30.4
29.941
30.91
30.91
30.91
30.91
30.655
30.91
30.655
30.4
30.91
30.91
31.42
31.42
31.93
31.42
31.165
30.91
31.42
30.91
31.42
31.165
31.165
30.91
31.165
31.165
31.675
31.165
31.42
30.91
31.42
31.675
31.42
31.165
30.655
31.165
30.91
31.42
31.675
31.42
31.42
30.91
31.165
31.42
31.165
30.655
31.165
31.165
30.655
30.91
30.91
30.4
30.91
31.165
31.165
31.165
31.42
31.42
31.165
31.165
31.165
31.42
31.42
30.4
30.91
30.91
30.91
30.4
31.42
30.91
30.91
31.165
31.165
30.4
30.655
30.4
30.91
30.91
30.655
30.655
30.196
30.4
30.655
30.196
30.91
30.655
30.196
30.655
30.91
30.655
29.941
30.91
30.196
30.196
30.655
30.196
31.42
30.91
30.655
30.4
31.165
30.91
30.655
30.655
30.4
30.4
30.655
30.655
30.4
30.196
30.91
30.91
30.4
30.4
30.4
29.941
29.941
29.686
30.196
29.686
29.941
29.686
29.176
29.176
29.431
29.431
29.176
28.411
28.921
28.921
28.666
28.666
28.666
28.666
27.952
27.697
27.442
27.442
27.442
26.932
27.442
27.187
27.442
26.677
27.187
27.442
26.422
25.912
26.677
26.167
26.422
25.453
25.708
25.708
25.453
25.453
25.198
25.453
25.198
24.688
25.198
24.943
24.433
24.943
24.433
23.923
23.464
24.433
23.719
23.464
23.209
23.719
23.209
23.209
22.444
22.699
22.444
22.699
22.699
21.934
22.189
22.189
22.189
21.934
20.71
21.22
21.22
20.965
20.455
20.71
19.945
20.2
20.2
19.69
19.486
19.486
19.486
18.976
18.466
18.976
19.231
18.466
18.211
18.211
18.211
17.446
17.242
17.242
17.242
16.732
17.242
16.477
16.477
16.987
16.477
16.477
16.222
15.712
15.967
15.457
15.457
15.712
14.743
15.253
14.998
14.743
14.998
14.233
14.233
14.488
14.233
13.723
13.978
14.233
13.978
13.468
13.468
13.213
13.009
13.213
12.499
12.754
12.499
12.754
12.244
12.244
12.754
11.989
11.734
11.734
11.734
11.224
11.224
11.224
11.02
11.02
10.765
11.224
10.51
11.479
10.765
10
10
10
10
10.51
9.745
10
9.745
9.745
10
9.49
9.49
9.745
9.235
8.98
8.776
8.98
8.98
8.521
8.521
8.776
8.521
8.521
8.011
8.776
8.266
8.266
8.98
8.011
8.266
8.011
8.266
7.756
7.501
7.246
7.501
6.991
6.991
6.787
7.246
7.501
6.991
6.991
6.787
6.991
6.532
6.991
6.022
6.532
6.022
6.277
6.991
6.277
5.512
5.257
5.512
5.512
6.022
5.002
4.747
5.002
5.257
5.257
4.747
4.543
5.257
5.002
4.288
4.543
4.033
3.778
3.778
3.778
3.778
3.268
4.033
3.268
3.268
3.268
3.778
3.268
3.013
2.554
2.299
2.554
2.299
2.758
2.554
2.299
1.534
2.044
1.789
1.534
1.534
1.534
1.279
1.534
1.534
0.514
0.31
0.514
0.769
-0.455
0.31
0.514
0.055
0.31
-0.2
0.055
-0.2
-0.2
-0.71
-1.475
-0.965
-0.965
-1.934
-1.679
-1.934
-1.679
-1.679
-1.679
-1.679
-2.189
-2.954
-2.444
-2.699
-3.209
-3.464
-2.954
-3.719
-3.464
-3.209
-3.719
-4.178
-3.464
-3.923
-3.719
-4.433
-3.719
-3.464
-3.923
-4.943
-4.178
-4.433
-4.433
-5.453
-4.433
-4.943
-4.943
-4.433
-4.688
-4.943
-4.433
-4.688
-4.943
-5.198
-5.198
-5.708
-6.167
-6.167
-5.708
-5.912
-6.677
-6.167
-6.677
-6.677
-6.932
-6.677
-6.677
-7.187
-6.932
-7.442
-7.697
-7.442
-7.952
-8.156
-8.411
-7.952
-7.952
-7.952
-8.156
-8.666
-8.921
-8.666
-8.921
-8.666
-8.921
-9.176
-8.921
-9.686
-9.176
-9.176
-9.176
-9.686
-9.686
-9.431
-9.431
-10.196
-9.941
-9.431
-10.4
-10.196
-9.941
-9.686
-9.941
-10.4
-10.91
-10.91
-10.4
-10.4
-10.655
-10.655
-10.91
-11.165
-10.655
-11.165
-10.655
-10.91
-10.4
-11.675
-10.91
-11.675
-11.675
-11.42
-10.91
-11.42
-11.675
-11.42
-11.165
-11.165
-11.42
-11.42
-11.165
-11.42
-11.675
-11.165
-11.93
-11.42
-11.675
-11.42
-11.165
-11.93
-11.675
-10.91
-11.675
-11.675
-11.42
-11.165
-11.675
-11.675
-11.165
-11.42
-11.165
-11.93
-11.165
-11.42
-11.42
-11.675
-11.165
-10.91
-11.42
-11.165
-11.165
-11.675
-11.675
-11.42
-11.42
-10.91
-11.675
-11.165
-11.42
-11.42
-11.165
-11.165
-10.4
-11.165
-10.91
-10.91
-11.42
-11.675
-10.91
-10.655
-11.165
-11.165
-10.91
-11.42
-11.42
-11.42
-11.165
-11.165
-11.165
-11.165
-10.655
-10.91
-11.42
-9.941
-10.655
-10.91
-10.655
-11.42
-10.91
-10.91
-11.165
-10.91
-11.42
-10.91
-10.196
-10.655
-10.655
-10.91
-10.655
-10.196
-10.655
-10.4
-10.4
-10.196
-9.686
-9.941
-9.941
-9.941
-10.196
-9.686
-9.941
-9.176
-9.431
-9.176
-9.431
-9.176
-8.666
-8.666
-8.156
-8.156
-8.411
-8.156
-8.411
-7.952
-8.156
-7.952
-7.442
-7.697
-7.442
-7.187
-7.442
-6.932
-6.677
-6.422
-6.167
-5.453
-5.708
-5.198
-4.688
-4.943
-4.943
-4.433
-3.923
-4.178
-3.923
-3.923
-3.464
-2.954
-3.209
-2.954
-2.699
-2.954
-2.189
-1.934
-1.679
-1.22
-0.965
-0.455
0.055
-0.71
-0.455
0.31
0.514
0.31
1.534
1.789
1.024
1.789
1.534
2.554
2.299
2.758
3.268
3.013
3.268
4.033
4.033
4.543
5.002
5.002
5.002
5.257
6.022
6.022
6.532
7.501
6.991
6.991
7.501
7.501
8.011
7.756
8.011
8.776
8.98
8.776
9.49
9.745
10.255
10.255
10.255
10.255
9.745
10.765
10.51
10.255
10.51
11.02
11.02
11.479
11.734
11.479
11.989
11.989
11.989
11.479
12.244
12.499
13.009
12.754
12.754
12.244
13.009
13.213
13.009
12.754
12.754
12.499
13.009
12.499
13.213
13.723
13.723
13.468
14.233
14.233
14.488
14.488
15.253
14.743
14.998
14.998
15.457
15.712
15.253
15.712
16.477
16.477
16.477
17.242
16.732
16.477
17.242
16.987
17.446
17.701
17.446
18.721
18.721
18.721
18.466
18.211
18.466
18.976
19.231
18.721
19.486
19.69
20.455
20.2
19.486
20.455
20.455
20.455
20.455
20.455
21.22
20.965
21.22
21.679
21.475
21.475
22.189
21.475
22.444
22.189
22.444
22.444
22.189
23.209
23.209
22.954
23.209
23.209
23.464
23.719
23.923
23.923
23.923
23.923
23.719
23.719
23.464
23.923
23.719
24.433
25.198
25.198
24.688
24.433
24.688
25.198
24.943
25.198
25.453
25.453
25.912
25.708
26.167
26.167
25.912
26.677
26.677
26.422
26.932
26.932
26.422
26.422
26.932
27.187
26.932
27.187
27.442
27.697
27.697
28.411
28.156
27.952
28.156
28.666
28.921
28.921
29.431
29.176
29.686
29.941
29.686
30.196
29.941
29.686
30.4
30.196
30.4
30.91
30.91
31.165
31.165
31.165
31.42
31.93
31.93
32.185
31.675
31.93
32.389
32.389
32.644
32.389
33.154
33.154
32.644
33.154
32.185
32.899
33.409
33.664
33.409
33.664
33.664
33.409
33.664
33.409
33.154
33.409
33.664
33.919
34.429
33.919
33.919
33.664
34.429
34.174
33.919
34.429
34.429
33.919
33.919
33.919
34.174
34.174
33.919
34.174
34.429
33.664
33.919
34.174
34.429
34.174
34.174
34.888
34.429
34.429
34.429
34.633
34.429
34.174
34.174
33.919
33.919
33.919
33.919
33.664
33.919
33.919
33.664
33.664
34.174
33.919
33.409
33.409
33.409
32.899
32.899
33.154
33.409
32.644
32.899
32.644
33.154
33.154
32.899
32.389
32.389
32.389
32.185
32.185
32.185
32.185
32.185
32.185
32.389
31.93
31.93
32.185
31.42
30.91
31.165
30.91
30.655
30.91
30.655
30.655
30.655
30.655
30.196
30.196
29.686
29.941
30.196
29.686
29.431
29.686
29.686
29.431
28.921
28.921
29.431
29.176
28.666
28.921
28.666
29.176
28.921
29.176
28.666
28.156
28.666
28.411
27.697
28.156
28.156
27.952
27.952
28.411
27.952
28.156
28.156
27.697
27.952
27.697
27.442
27.697
27.697
28.411
27.952
28.156
27.442
28.411
27.442
27.697
27.952
27.697
27.952
28.156
27.442
27.952
27.697
27.697
28.156
28.156
28.156
28.666
28.921
28.411
28.156
27.952
28.156
28.156
28.411
28.411
28.411
28.411
28.666
28.666
29.431
28.666
28.156
27.697
29.431
29.176
29.686
29.176
29.686
30.196
29.431
29.941
29.431
29.941
29.941
30.196
29.941
29.941
30.4
30.196
29.941
29.941
30.4
29.686
30.196
30.196
30.655
30.196
30.196
30.655
29.686
30.4
29.941
29.941
30.4
30.196
29.176
29.941
29.941
30.196
29.686
29.686
29.941
29.431
29.176
29.176
29.176
28.921
28.921
29.431
28.921
29.176
28.921
28.921
29.176
29.431
28.921
29.176
29.176
28.411
29.176
29.176
29.176
29.176
28.921
28.921
29.176
29.431
29.176
29.176
29.686
29.431
29.686
29.686
29.686
28.921
29.431
29.176
29.686
29.431
30.196
30.196
29.686
29.431
29.686
29.686
29.941
29.431
29.176
29.431
29.686
29.431
28.666
29.431
29.431
28.921
28.411
29.431
29.176
28.921
28.666
28.921
29.431
28.921
28.921
28.666
28.666
28.666
28.921
29.176
28.921
28.666
28.921
28.921
28.666
28.411
28.666
28.156
28.666
28.666
28.411
28.666
28.921
28.411
28.666
27.952
27.952
28.411
28.411
28.666
28.411
27.952
28.411
27.952
27.697
27.952
27.697
26.932
26.932
26.932
27.697
26.932
26.932
26.677
26.422
26.932
26.422
26.422
25.912
26.167
25.912
26.167
25.453
25.708
24.688
25.198
25.198
24.943
25.198
24.688
24.433
24.943
24.688
24.433
24.178
24.433
23.923
23.719
23.464
23.464
23.209
23.464
23.719
23.719
22.699
23.464
22.444
22.699
22.699
22.444
21.934
21.934
21.22
21.934
21.475
21.22
21.475
21.475
20.71
20.2
21.22
20.455
20.71
19.69
19.945
20.455
19.945
19.486
19.69
19.486
18.976
18.976
18.721
18.721
18.721
18.466
18.466
18.211
17.446
17.446
17.701
17.446
17.242
16.477
16.987
16.477
16.477
16.477
16.222
16.222
15.967
15.967
15.712
15.712
15.253
15.253
14.998
14.998
14.998
14.488
14.488
14.488
14.488
14.488
14.233
13.723
13.468
13.723
13.468
13.468
13.213
13.213
12.754
13.468
13.009
12.754
13.009
12.754
13.009
12.244
12.244
12.244
12.499
12.244
12.244
12.499
12.244
11.479
11.734
11.479
11.479
11.479
11.479
10.765
10.255
11.02
11.02
10.51
10.765
10.765
10.51
10.51
10.51
10
10.51
9.745
10
9.235
9.49
9.235
9.49
9.235
9.745
9.235
8.776
9.49
8.98
8.98
8.776
9.235
8.521
8.521
8.521
8.98
8.521
8.266
8.521
8.011
8.266
8.011
7.756
7.756
8.011
8.011
7.756
7.501
7.501
7.246
7.501
7.501
7.501
7.501
6.787
7.246
6.787
7.501
6.991
6.787
6.991
7.246
6.532
6.277
6.991
6.532
6.532
6.277
6.277
6.532
6.022
6.532
6.022
5.767
5.512
6.022
6.022
6.022
5.767
5.512
5.257
5.767
5.512
5.002
4.543
5.002
5.002
5.002
4.747
4.543
4.543
4.747
4.288
4.288
4.033
3.523
4.033
3.778
3.778
4.543
3.523
3.268
2.554
3.013
3.268
3.268
2.554
2.758
3.268
2.299
2.758
2.299
2.758
2.299
1.789
1.534
1.534
1.279
1.789
2.044
1.024
1.534
0.769
1.024
1.024
0.514
0.31
0.514
0.769
0.769
0.769
0.769
0.31
0.31
0.055
0.055
-0.2
0.055
-0.2
-0.455
-0.71
-1.22
-0.965
-0.455
-0.455
-0.71
-0.965
-0.71
-1.22
-1.22
-0.71
-0.455
-1.475
-1.475
-1.475
-1.679
-1.934
-1.934
-1.475
-2.444
-2.699
-2.189
-1.679
-2.189
-2.189
-2.699
-2.699
-2.954
-3.464
-2.699
-2.699
-2.444
-3.209
-3.464
-3.464
-3.209
-3.923
-3.923
-3.923
-3.719
-4.178
-4.433
-4.433
-4.433
-4.688
-4.688
-4.943
-5.453
-5.198
-5.453
-5.198
-5.453
-5.708
-5.912
-5.708
-5.198
-5.912
-5.708
-5.912
-6.677
-6.167
-6.167
-6.422
-6.677
-6.932
-7.187
-7.442
-7.442
-7.697
-7.697
-7.442
-7.442
-7.442
-7.442
-7.697
-8.156
-8.411
-8.411
-8.156
-8.156
-7.952
-7.952
-8.666
-8.666
-8.921
-8.156
-8.411
-8.921
-9.176
-8.921
-8.666
-8.921
-9.176
-8.921
-8.666
-9.431
-9.176
-9.176
-9.686
-9.431
-9.431
-9.176
-9.431
-9.176
-9.431
-9.176
-9.176
-9.431
-9.176
-9.941
-9.686
-9.941
-9.431
-9.686
-10.196
-9.941
-9.941
-9.941
-10.196
-10.196
-9.941
-10.91
-10.196
-10.196
-10.4
-10.4
-10.196
-10.4
-10.4
-10.655
-10.4
-10.4
-10.655
-11.165
-10.91
-10.91
-10.4
-10.655
-10.91
-10.91
-10.655
-10.655
-11.165
-11.165
-10.4
-11.165
-10.91
-10.91
-11.165
-10.4
-10.655
-10.91
-10.655
-10.655
-10.4
-11.165
-11.165
-10.4
-10.91
-10.4
-10.91
-10.91
-10.196
-10.4
-10.655
-10.91
-10.196
-10.196
-10.655
-10.655
-10.655
-10.196
-10.655
-10.196
-10.4
-10.4
-10.655
-9.941
-10.196
-10.196
-10.4
-10.196
-10.196
-9.941
-10.4
-10.4
-9.431
-9.941
-9.431
-9.431
-9.431
-9.431
-10.196
-10.196
-9.431
-9.176
-9.686
-8.411
-8.411
-8.411
-8.666
-8.411
-7.697
-8.156
-7.952
-7.442
-7.952
-7.697
-8.156
-7.697
-7.187
-7.187
-7.697
-7.442
-6.932
-6.677
-6.422
-6.422
-6.167
-6.167
-5.453
-5.453
-5.453
-5.453
-5.708
-5.453
-4.943
-5.198
-4.433
-4.943
-4.688
-3.464
-4.433
-2.954
-3.464
-2.444
-2.699
-2.699
-2.189
-2.444
-2.189
-1.934
-1.679
-1.679
-1.934
-0.965
-0.71
-0.455
-0.455
-0.455
0.31
1.024
0.31
0.769
1.024
1.279
1.279
1.789
2.044
2.554
3.013
2.758
2.758
3.778
3.268
3.778
3.523
4.033
4.288
4.747
5.257
5.257
5.512
5.767
5.767
5.767
6.277
6.532
6.787
6.787
6.991
7.246
7.501
7.756
7.756
8.011
8.776
8.521
8.776
8.98
9.235
8.98
8.98
9.745
9.49
10.51
10.51
10.51
10.765
10.51
10.51
11.224
11.02
11.224
11.02
11.734
11.734
12.244
11.989
11.989
12.754
12.754
13.009
13.213
12.754
12.754
13.009
13.468
13.213
13.213
13.213
13.213
14.233
13.468
14.488
13.723
13.978
14.233
13.468
13.723
14.233
14.488
14.998
14.998
15.712
15.712
14.998
15.457
16.222
15.712
16.477
16.732
16.732
16.987
16.987
16.732
17.446
17.446
17.242
17.242
17.446
18.211
17.446
17.446
18.721
18.211
18.466
18.466
18.466
18.721
18.466
19.231
19.486
19.231
19.486
19.945
19.69
19.486
20.2
20.455
20.2
20.2
20.71
19.945
20.455
21.22
21.475
20.965
21.679
21.679
21.934
21.475
21.934
21.475
22.189
22.444
22.444
22.444
22.954
22.699
22.699
22.699
23.209
23.209
22.954
23.464
22.699
23.719
23.464
23.209
23.719
23.923
24.178
23.923
23.923
24.433
24.178
24.433
24.943
24.433
24.688
25.198
25.198
25.708
24.688
25.198
24.943
25.453
25.912
25.912
25.708
26.422
25.453
26.167
26.932
26.422
25.912
25.912
26.422
27.187
27.442
27.442
27.442
27.442
27.442
27.952
27.952
28.156
28.156
28.156
28.666
28.411
28.666
29.176
28.921
29.176
29.431
28.921
29.431
28.921
29.686
29.431
29.941
29.686
29.431
29.941
29.941
29.941
30.4
30.655
30.655
30.655
30.4
30.4
30.91
31.165
31.165
30.91
31.165
31.675
31.42
31.42
31.675
31.42
31.42
31.675
31.675
31.93
31.93
31.93
31.675
31.675
32.185
31.675
32.389
32.185
31.93
32.644
32.185
32.389
32.389
32.644
32.389
32.389
32.185
32.389
32.644
32.644
32.644
32.185
32.389
32.185
32.185
32.644
31.93
32.644
32.185
32.185
32.389
32.389
32.389
33.154
31.93
32.389
32.185
32.185
31.93
31.93
32.185
32.185
32.185
31.93
31.42
31.675
31.675
31.42
31.42
31.165
30.655
31.165
30.655
30.91
30.91
31.42
30.655
30.655
30.655
30.4
30.4
30.4
29.941
29.941
30.196
30.196
30.196
30.4
30.196
29.431
29.941
29.431
28.666
29.176
29.686
29.431
28.666
28.411
28.411
28.411
28.156
27.952
27.952
27.952
27.697
27.697
27.952
27.442
27.187
27.187
26.932
26.677
26.422
26.422
26.932
26.422
26.932
26.167
25.912
26.422
25.708
25.198
25.198
25.708
25.708
25.453
25.198
25.453
25.198
25.912
25.198
25.453
25.198
24.688
24.688
25.453
25.198
25.198
24.688
24.943
24.688
24.943
24.433
24.943
24.943
25.198
25.198
25.453
25.453
25.453
25.198
25.708
25.912
25.453
25.708
25.912
25.453
26.167
25.912
26.167
25.708
26.422
25.912
25.708
26.167
26.677
26.932
27.697
27.442
27.697
26.932
27.697
27.952
27.187
27.697
27.952
28.411
28.156
27.952
28.411
28.156
28.666
29.176
28.666
28.666
28.411
28.666
28.921
28.921
28.666
28.921
29.176
29.686
29.431
28.921
29.176
29.431
29.431
29.431
29.941
29.431
29.176
29.686
29.941
29.941
29.941
29.176
30.196
30.91
30.196
29.686
30.196
30.196
30.196
29.941
30.4
30.655
30.4
30.4
30.4
30.4
30.655
30.91
29.686
30.196
30.4
30.196
30.4
30.91
30.4
31.42
31.42
30.655
30.655
31.165
30.655
30.655
30.91
30.91
31.42
31.675
31.165
31.42
31.165
31.42
31.42
31.42
31.165
30.91
31.42
31.165
31.42
31.42
31.165
31.42
30.655
31.675
30.91
30.4
30.4
30.655
31.165
30.4
29.941
30.4
30.196
29.686
30.196
29.941
29.686
29.686
29.941
29.941
29.686
29.176
29.431
29.176
29.176
29.176
29.431
28.666
29.431
28.666
29.431
28.666
28.666
28.666
28.666
28.411
28.156
27.952
27.697
27.697
28.156
27.187
27.697
27.442
27.187
26.422
26.677
26.932
26.932
27.187
26.677
26.422
26.167
25.708
25.453
26.167
26.167
25.912
25.453
25.708
25.453
25.708
24.688
24.688
25.198
24.688
24.433
24.688
24.178
24.178
24.433
24.433
24.178
24.688
24.433
24.178
24.178
23.719
23.923
23.923
23.923
23.719
23.923
23.464
23.209
23.464
23.719
23.209
22.699
23.209
23.209
23.464
22.954
22.699
22.699
22.954
22.699
22.444
21.679
22.189
22.699
21.934
22.189
22.189
21.679
21.679
20.965
20.965
20.965
21.475
20.965
21.22
20.965
20.455
20.965
20.2
20.455
20.2
20.2
20.2
19.69
19.231
19.231
19.486
18.976
19.231
18.466
18.211
18.466
17.956
18.211
17.956
17.446
17.446
17.242
17.242
16.987
16.477
16.222
16.732
16.222
16.222
16.222
15.712
15.712
15.967
15.457
15.253
14.743
14.998
14.488
14.488
14.743
14.488
13.978
14.233
14.233
13.723
13.723
14.233
13.468
13.213
13.723
13.468
13.468
13.978
13.723
13.213
13.468
12.754
12.499
12.499
12.244
12.754
12.754
12.499
11.989
12.244
11.989
11.989
11.734
11.734
11.734
11.734
11.734
11.479
11.224
11.224
11.02
11.224
10.765
10.765
10.51
10
10.255
11.02
10
10
10
9.49
9.49
10
9.745
9.235
9.49
10.255
9.745
8.98
9.235
9.49
9.235
9.235
8.776
8.776
8.011
8.521
9.235
8.266
8.266
8.266
7.756
8.266
8.011
8.011
7.246
8.011
8.011
7.756
7.756
7.246
6.532
6.532
6.532
7.246
6.532
6.991
6.532
6.787
6.532
6.022
6.022
6.532
6.277
6.022
6.277
6.277
5.257
5.512
5.767
5.767
5.512
5.257
4.747
4.747
5.257
5.002
5.002
5.002
4.288
4.543
4.288
4.543
4.543
4.033
3.523
4.033
3.268
3.523
2.554
3.013
3.013
3.523
2.758
3.268
2.554
2.758
2.044
1.789
2.299
2.554
1.789
1.534
1.534
1.789
1.534
1.534
1.534
1.279
1.534
1.534
1.024
0.514
1.024
1.024
0.514
0.514
0.514
0.514
0.31
0.055
-0.455
-0.2
-0.2
-0.455
0.055
-0.455
-0.2
-0.455
-0.455
-0.965
-0.965
-0.71
-0.71
-0.965
-0.965
-0.965
-0.71
-1.679
-0.71
-1.679
-1.475
-1.475
-1.934
-1.679
-2.189
-1.679
-2.444
-2.444
-2.189
-1.934
-2.444
-2.699
-2.699
-2.699
-2.444
-2.699
-2.954
-3.464
-3.464
-3.209
-3.464
-3.464
-3.209
-3.719
-3.923
-4.433
-4.433
-4.178
-4.688
-4.178
-4.433
-4.178
-4.688
-4.688
-5.198
-5.198
-5.198
-5.453
-5.198
-5.198
-5.198
-5.708
-5.912
-5.912
-5.453
-5.708
-6.167
-6.167
-5.912
-5.708
-5.708
-6.422
-6.422
-6.422
-6.167
-6.932
-7.442
-7.187
-6.932
-7.187
-7.442
-7.697
-7.442
-7.442
-7.187
-7.187
-7.697
-7.697
-7.952
-7.697
-7.697
-7.442
-7.952
-7.697
-7.697
-7.697
-7.697
-8.156
-7.952
-8.156
-7.952
-7.952
-8.411
-8.156
-8.411
-8.666
-8.411
-8.921
-9.431
-8.921
-8.411
-8.666
-9.176
-8.411
-8.411
-8.921
-8.666
-8.156
-8.411
-8.666
-8.156
-9.431
-8.921
-9.176
-8.921
-8.666
-9.431
-9.431
-8.921
-9.176
-9.176
-9.431
-8.921
-9.431
-9.686
-9.176
-9.431
-9.431
-9.176
-9.941
-9.431
-9.176
-9.941
-9.431
-9.431
-9.431
-9.431
-9.176
-9.431
-9.686
-9.431
-9.941
-10.196
-9.686
-9.941
-9.686
-10.196
-9.941
-9.686
-10.655
-9.686
-9.686
-9.941
-10.4
-9.431
-10.196
-9.941
-9.686
-9.941
-9.686
-9.941
-10.196
-10.4
-10.655
-10.655
-10.655
-10.196
-10.655
-10.655
-10.655
-10.655
-10.91
-11.165
-10.91
-10.91
-10.91
-10.4
-11.165
-10.4
-10.4
-10.4
-10.91
-10.655
-10.655
-10.91
-10.655
-10.655
-10.655
-10.4
-9.941
-10.4
-10.4
-10.4
-9.941
-10.4
-10.196
-9.941
-9.686
-10.196
-9.941
-9.686
-9.941
-10.4
-9.431
-9.941
-9.431
-9.941
-9.431
-9.431
-9.176
-9.176
-8.921
-8.921
-8.921
-8.921
-8.666
-8.411
-8.156
-8.411
-8.921
-8.156
-8.666
-8.666
-8.156
-7.187
-7.952
-7.697
-7.187
-7.442
-6.932
-6.167
-6.422
-5.912
-6.167
-6.422
-5.912
-6.167
-5.912
-5.198
-4.943
-5.198
-5.198
-4.688
-4.943
-4.688
-3.923
-3.464
-3.209
-3.719
-3.464
-2.954
-2.699
-2.444
-2.444
-1.934
-2.189
-1.475
-1.22
-0.965
-0.965
-0.965
-0.455
0.31
0.31
0.31
1.279
1.534
1.534
1.534
2.044
1.789
1.789
1.789
2.554
3.013
3.013
3.778
3.523
4.033
4.543
4.543
5.002
5.002
5.512
5.767
6.277
6.022
6.277
6.532
7.501
7.756
8.011
8.011
8.011
8.011
8.521
8.776
8.98
8.266
8.98
8.98
9.235
9.745
10.255
10.51
10.51
10.51
10.765
10.765
10.51
11.224
11.479
11.734
11.479
11.989
11.734
11.989
12.244
11.989
12.499
12.244
12.244
12.754
12.244
12.754
13.213
13.723
13.468
13.468
13.468
13.468
13.978
14.488
13.978
14.233
14.998
14.488
14.743
14.488
15.253
14.998
14.998
14.998
15.712
15.712
15.457
15.712
15.712
15.712
15.712
15.712
16.222
16.477
16.477
16.222
16.222
16.987
17.701
17.446
17.446
17.701
16.987
17.701
18.466
17.956
18.211
18.211
18.211
18.721
18.466
17.956
19.231
18.976
19.486
18.721
19.486
19.231
19.486
19.69
19.486
20.2
19.486
20.2
19.945
20.2
20.2
20.455
21.22
20.71
21.22
20.965
20.965
21.22
20.965
21.934
21.934
22.189
22.189
21.934
22.189
22.444
22.444
22.699
22.699
22.444
22.954
22.954
23.209
23.719
23.464
23.923
23.719
23.464
23.209
23.923
23.923
24.178
24.178
24.178
24.688
24.433
24.688
24.943
24.943
25.198
25.453
25.198
24.943
25.453
25.708
25.453
26.167
26.167
25.708
25.708
26.167
25.708
26.677
26.932
26.422
26.167
27.187
26.932
27.187
26.932
26.932
27.187
27.952
27.697
28.156
27.697
28.156
28.156
28.666
28.156
28.156
28.921
29.176
28.666
28.921
29.176
29.176
29.176
29.686
28.921
29.686
29.431
29.941
30.196
30.196
30.4
30.4
30.196
30.196
30.4
30.91
30.4
30.655
31.165
30.655
30.655
30.91
31.165
30.91
31.165
31.165
31.675
31.675
31.675
31.93
31.93
31.675
31.42
31.165
31.42
31.675
31.93
31.93
31.93
31.675
31.93
31.93
32.185
31.675
32.185
31.93
31.675
31.675
31.93
31.675
31.675
31.675
31.675
31.675
31.675
31.42
31.93
31.42
31.675
31.165
31.675
31.42
31.165
30.91
31.675
31.165
31.165
30.91
30.91
31.675
30.91
30.196
30.655
30.91
30.655
30.196
30.4
30.4
30.4
30.196
29.686
30.4
30.4
30.655
29.941
30.4
29.686
29.431
29.431
29.686
29.176
29.431
29.431
29.176
29.176
29.176
28.666
29.176
29.176
28.666
28.411
28.666
28.411
27.952
27.952
27.952
27.442
27.952
27.697
27.697
27.952
27.697
27.697
27.442
27.187
26.677
26.677
26.422
26.932
26.677
25.912
26.422
26.167
25.708
25.708
26.167
25.198
25.912
25.708
25.198
25.453
25.708
25.453
25.708
24.688
25.198
24.688
24.688
24.943
24.433
24.943
24.433
24.688
24.688
24.433
24.433
24.433
24.943
24.178
25.198
24.943
24.943
24.688
24.688
24.688
24.433
24.433
24.178
24.688
24.943
24.688
24.943
24.688
24.178
24.688
24.688
24.433
24.433
24.943
25.453
25.453
25.453
25.198
24.943
24.943
26.167
25.912
26.167
26.422
25.912
26.167
26.167
26.167
26.167
26.422
26.677
26.422
26.422
26.932
26.422
26.422
26.677
26.167
26.422
26.422
26.677
27.697
28.666
28.156
28.411
27.952
28.156
27.697
28.666
28.411
28.666
28.666
28.411
28.666
28.156
28.921
28.411
28.921
28.156
29.176
28.411
28.156
28.666
29.176
28.666
28.411
28.666
28.411
28.666
28.921
28.921
28.921
28.921
29.941
28.921
28.666
28.921
28.666
28.411
28.666
29.431
28.411
28.411
28.921
28.156
28.666
28.156
28.156
29.176
28.156
28.411
28.666
28.666
28.666
28.666
28.666
28.666
28.411
28.666
28.156
28.156
28.666
27.697
28.156
28.156
27.952
27.697
28.411
27.952
28.156
27.697
28.411
27.952
27.952
27.952
28.666
28.411
28.411
28.666
28.921
28.156
28.411
28.411
27.952
27.952
27.697
27.697
28.156
27.952
27.697
27.442
27.952
27.697
27.952
27.697
27.187
27.697
27.697
28.156
27.442
27.952
27.442
27.697
27.952
27.952
27.697
27.697
27.442
27.442
26.932
27.442
27.697
27.697
27.697
27.697
27.442
27.697
27.187
27.442
27.697
27.187
27.697
27.697
27.442
27.442
26.932
27.952
27.442
27.697
27.187
27.442
26.932
26.932
26.932
26.677
27.187
26.167
26.677
26.677
26.677
26.167
25.912
25.912
26.422
25.708
25.453
25.453
24.943
24.943
25.198
24.688
24.688
24.688
24.433
24.688
24.178
23.719
23.923
23.719
23.464
23.209
23.209
23.719
22.954
22.444
22.444
23.209
22.444
22.444
22.444
22.189
21.475
21.475
21.679
21.934
21.679
21.22
21.934
21.679
21.679
20.71
21.22
21.22
21.475
20.71
20.71
20.965
20.965
20.455
20.2
20.455
20.2
20.2
19.945
20.2
19.945
19.69
18.976
19.231
18.976
18.466
18.466
18.211
18.976
18.211
18.466
18.211
18.211
18.211
17.446
17.446
17.446
16.987
17.242
16.987
16.732
17.242
16.477
16.477
16.477
16.222
15.253
15.457
15.253
15.457
15.457
15.457
14.998
14.998
14.488
14.998
14.743
14.998
14.743
14.998
14.233
14.488
13.978
13.009
13.213
13.978
13.213
12.754
12.754
13.468
13.213
13.723
13.009
12.754
12.244
12.754
12.499
12.499
12.754
13.009
12.244
11.734
11.989
11.734
11.734
11.479
11.734
11.734
11.479
11.224
11.224
11.734
10.765
11.02
11.224
11.479
11.02
10.51
10.51
10.51
10.765
10.51
10.51
10.51
10
10.51
10
10.51
10
9.745
9.235
9.49
9.235
9.49
9.49
9.49
9.235
9.49
8.98
9.235
8.98
8.776
8.98
8.521
8.776
8.521
8.266
8.011
8.521
8.521
8.266
8.776
7.756
7.501
7.756
7.501
7.501
7.501
7.246
7.501
7.246
7.501
7.501
7.246
6.991
6.991
6.787
6.787
6.787
6.532
6.787
6.787
6.532
6.787
6.022
6.277
6.277
5.767
6.022
5.767
6.022
5.257
4.747
5.512
5.512
5.002
4.543
5.257
5.257
5.002
5.002
5.257
5.002
4.543
4.543
4.543
4.033
4.033
4.033
3.778
4.033
3.778
3.523
3.778
3.523
3.268
3.013
3.013
2.758
2.758
2.554
2.554
2.554
2.299
2.044
2.299
2.299
2.299
2.299
2.044
1.534
2.044
2.044
2.044
1.534
1.789
1.024
1.024
1.024
0.769
0.514
1.024
1.024
0.31
0.514
0.31
0.769
0.055
-0.455
0.055
0.055
0.31
0.055
0.055
-0.71
-0.71
0.055
0.055
0.055
-0.2
-0.2
-0.965
-0.71
-0.455
-0.965
-0.965
-0.965
-1.679
-1.22
-1.679
-2.189
-1.679
-1.22
-1.475
-1.679
-1.934
-1.934
-2.189
-2.189
-2.189
-2.444
-2.189
-2.189
-2.189
-2.699
-2.444
-2.189
-3.209
-2.699
-2.954
-2.699
-2.954
-2.954
-3.209
-2.954
-3.719
-3.209
-3.464
-2.954
-3.464
-3.464
-3.719
-3.464
-3.923
-4.433
-4.178
-3.923
-3.719
-4.688
-3.923
-3.719
-4.433
-5.198
-4.178
-4.943
-4.688
-4.433
-5.453
-5.453
-4.943
-5.198
-5.453
-5.453
-5.453
-5.453
-5.453
-6.167
-5.198
-5.708
-6.167
-6.167
-5.912
-6.422
-6.422
-6.422
-6.422
-6.167
-6.422
-6.422
-6.677
-6.677
-6.677
-7.442
-7.187
-6.932
-7.697
-7.187
-6.677
-6.932
-7.952
-7.187
-7.442
-7.952
-7.952
-7.952
-7.697
-8.156
-8.156
-8.156
-7.187
-7.952
-8.411
-8.156
-8.156
-8.156
-7.442
-7.697
-7.952
-8.411
-7.952
-8.411
-8.666
-8.921
-9.176
-8.921
-8.666
-8.921
-7.952
-9.176
-8.921
-8.666
-8.921
-9.431
-9.176
-9.431
-8.666
-8.921
-8.921
-8.666
-8.921
-8.666
-8.921
-9.431
-9.176
-8.921
-8.666
-8.666
-9.686
-9.176
-8.921
-9.431
-8.921
-9.431
-9.176
-9.686
-9.431
-9.176
-9.686
-9.431
-8.921
-9.686
-9.176
-9.176
-8.921
-9.176
-9.176
-9.431
-9.941
-9.431
-9.176
-9.686
-9.176
-9.176
-9.431
-8.921
-9.431
-8.921
-9.176
-8.921
-9.176
-8.921
-9.176
-8.156
-8.921
-8.411
-8.666
-8.921
-8.411
-8.921
-9.176
-9.941
-9.176
-9.176
-8.921
-9.431
-8.666
-8.921
-8.666
-8.411
-8.411
-8.411
-8.666
-8.411
-8.666
-8.411
-7.952
-8.666
-8.411
-7.697
-8.156
-7.952
-7.442
-7.187
-7.952
-6.677
-6.932
-6.932
-7.442
-6.677
-6.677
-6.677
-6.932
-6.932
-6.422
-6.677
-5.912
-5.708
-5.453
-5.453
-4.688
-5.198
-4.433
-4.943
-4.688
-4.943
-4.178
-4.178
-4.178
-4.433
-4.433
-4.178
-3.923
-3.923
-4.178
-3.209
-3.209
-2.954
-3.209
-2.699
-2.954
-2.189
-1.934
-2.189
-1.934
-1.679
-1.22
-0.965
-0.71
-0.71
-0.455
-0.455
0.514
-0.2
0.514
0.514
0.514
1.024
1.279
1.279
1.024
1.789
2.044
1.789
2.044
2.554
2.758
2.758
3.268
3.013
3.523
3.523
3.268
3.778
4.033
4.543
4.543
5.002
5.002
4.747
5.002
5.767
5.512
6.277
6.532
6.532
7.246
6.991
7.246
7.246
7.501
7.501
7.501
8.011
8.266
7.756
8.266
8.266
8.521
8.776
9.49
9.235
9.235
9.745
9.49
9.49
9.745
10
9.745
10.51
10.255
11.02
11.734
11.02
10.765
11.734
11.734
11.734
11.479
11.734
11.734
11.989
11.989
12.244
12.754
13.009
12.754
12.754
13.009
13.009
13.468
13.213
13.213
13.723
13.468
13.468
13.723
13.723
14.488
14.488
14.233
14.488
14.743
14.743
14.998
15.457
15.457
15.967
15.967
15.457
15.967
16.477
16.477
16.477
16.732
17.242
17.242
17.446
17.701
17.701
17.446
17.956
18.466
17.956
18.211
18.721
18.721
18.466
18.721
19.69
19.69
19.486
19.69
19.69
19.69
19.486
20.2
19.945
20.2
20.71
20.965
20.2
20.71
21.22
21.22
20.71
20.965
21.22
21.679
20.965
21.679
21.22
21.934
21.475
21.934
21.934
22.189
22.444
22.189
22.699
22.444
22.444
22.699
22.954
22.954
22.444
23.209
24.178
22.954
23.464
23.464
23.719
23.923
23.923
23.923
23.923
24.433
24.433
23.923
24.433
24.688
24.178
24.688
24.688
24.433
24.178
24.433
24.943
24.943
25.198
25.198
25.453
25.453
24.688
25.708
25.708
25.912
25.708
25.708
25.453
25.912
25.912
26.422
26.677
26.932
26.167
26.167
26.422
26.932
27.187
27.187
26.422
26.422
27.697
27.697
26.932
27.442
27.697
27.697
27.697
27.697
27.442
27.187
27.187
28.156
27.952
27.697
27.697
27.697
27.952
28.411
27.697
28.156
28.411
28.411
28.411
28.156
28.411
28.666
28.411
28.411
28.411
28.411
28.411
28.666
28.666
29.176
28.666
28.666
28.921
28.666
28.921
29.176
28.921
28.411
28.921
28.666
28.666
28.921
28.666
28.666
28.921
28.666
28.411
28.666
28.666
29.176
28.666
28.666
28.411
28.411
28.666
27.952
27.952
27.442
27.697
28.156
27.697
27.697
27.442
27.187
27.442
27.697
27.697
27.187
26.932
26.677
26.932
26.677
26.677
26.422
26.932
26.932
26.167
26.167
26.422
26.422
25.708
25.453
26.167
25.198
25.453
25.453
24.943
24.943
24.433
25.198
24.943
25.453
24.688
24.433
24.433
24.178
23.923
23.923
23.719
23.923
23.923
23.719
23.464
23.719
23.464
23.923
23.209
22.954
23.209
22.699
22.189
22.444
22.189
22.189
21.934
22.699
21.934
21.679
21.934
21.679
21.934
21.934
21.679
21.475
21.475
20.965
21.22
21.679
20.965
20.71
20.965
20.965
20.71
20.71
20.455
20.71
20.71
20.2
20.71
20.455
19.69
19.69
19.69
19.486
19.69
19.486
19.69
