37.516
37.686
37.516
37.686
37.686
37.176
36.87
37.176
37.346
36.87
37.04
36.53
36.53
36.19
36.53
36.53
36.7
36.19
36.7
36.36
35.85
36.36
36.19
36.02
35.85
35.714
35.544
35.714
35.374
35.204
35.204
34.864
34.864
34.864
34.694
34.864
34.694
34.524
34.524
34.218
34.694
34.218
34.048
34.048
33.708
33.878
33.538
33.198
33.198
33.198
33.028
32.858
32.722
32.552
32.382
32.382
32.382
32.382
32.212
32.042
31.702
31.702
31.532
31.226
31.056
31.056
30.886
30.716
30.546
30.376
30.376
29.9
30.206
29.73
29.9
29.56
29.39
29.05
29.22
28.71
28.71
28.234
28.404
28.234
28.404
27.894
28.064
27.724
27.724
27.554
27.384
27.214
26.908
26.908
26.738
26.398
26.058
26.228
26.058
25.582
25.582
25.752
25.412
25.242
24.902
24.902
24.732
24.562
24.256
24.392
24.086
23.916
23.916
23.916
23.746
23.066
23.066
23.236
22.76
22.93
22.59
22.59
22.08
22.59
22.25
22.08
21.57
21.264
21.434
21.434
21.434
21.094
21.094
20.414
20.584
20.414
19.938
20.414
19.938
19.768
19.768
19.598
19.258
19.258
19.088
18.918
18.918
18.748
18.442
18.918
18.442
18.442
18.612
18.102
17.592
18.102
17.422
17.422
17.116
17.286
17.116
17.116
17.116
16.606
16.776
16.946
16.266
16.436
15.926
16.266
16.096
15.62
15.62
15.79
16.096
15.79
15.79
15.79
15.45
15.11
15.11
14.94
14.77
14.94
14.94
14.77
14.6
14.77
14.464
14.464
14.294
14.124
14.294
14.294
14.6
14.294
14.464
14.294
14.464
13.954
14.294
14.124
13.784
14.124
14.294
13.784
13.614
13.784
13.614
13.444
13.614
13.614
13.614
13.954
13.614
13.614
13.784
13.444
13.444
13.444
13.274
13.444
13.444
13.614
13.444
13.274
13.104
13.444
13.444
12.968
13.444
13.274
13.274
13.274
13.104
12.968
13.444
13.274
13.274
13.444
12.968
13.104
13.104
12.968
13.104
12.628
12.628
12.968
12.968
12.968
13.104
13.104
12.968
12.798
13.104
12.968
12.968
12.798
13.274
12.798
12.798
12.798
12.798
12.798
13.104
12.798
13.274
13.444
13.274
13.104
13.274
12.798
13.104
13.104
12.798
12.968
12.968
13.274
13.104
13.274
12.968
12.968
13.274
13.104
13.274
13.104
13.274
13.614
13.784
13.614
13.614
13.954
13.954
13.784
13.784
13.954
13.784
13.614
13.954
13.954
13.784
14.124
14.294
14.294
13.954
14.124
14.294
14.464
14.6
14.6
14.77
14.6
14.6
14.77
14.77
14.6
14.94
14.94
14.94
14.77
14.94
15.45
14.77
15.11
14.94
15.28
15.45
15.28
15.45
15.28
15.11
15.45
15.45
15.79
15.62
15.79
15.62
15.926
16.096
16.266
16.436
16.266
16.096
16.266
16.266
16.436
16.436
16.436
16.266
16.436
16.776
16.776
16.606
16.606
16.946
16.776
16.776
16.266
17.116
16.946
16.606
16.946
17.286
17.116
17.116
16.776
17.286
17.116
17.592
17.116
17.116
17.286
17.592
17.762
17.422
17.116
17.592
17.422
17.592
17.422
17.762
18.102
18.102
18.612
18.442
18.612
18.748
19.088
18.748
19.428
19.598
20.108
19.938
19.938
20.414
20.754
20.584
20.924
21.264
21.74
21.57
22.08
22.08
22.42
22.93
22.93
23.576
23.236
23.746
23.916
24.256
24.256
24.392
24.902
25.412
25.412
25.752
25.888
25.888
26.228
26.398
26.738
26.568
26.398
26.568
26.228
26.568
26.738
26.398
26.908
27.078
27.214
27.078
27.384
27.078
27.384
27.724
27.214
27.078
27.554
27.384
27.384
27.384
27.384
27.384
27.384
27.384
27.554
27.894
27.214
27.214
27.554
27.554
27.384
27.554
27.554
27.894
27.214
27.724
27.384
27.894
27.894
27.554
27.554
27.554
27.724
27.724
27.554
27.894
27.384
27.554
27.724
27.384
27.384
27.078
27.214
27.214
26.908
26.908
27.384
27.078
26.738
27.078
27.214
27.384
26.908
27.078
26.908
27.214
26.908
27.078
27.384
27.078
27.214
27.554
27.214
26.908
26.908
26.908
27.078
26.908
26.568
26.908
26.568
26.738
26.738
26.738
26.058
26.058
25.888
25.888
25.888
25.412
25.752
25.582
25.752
25.242
24.902
25.072
24.732
24.732
24.562
24.562
24.562
24.562
24.392
24.392
24.732
24.392
24.086
24.086
24.392
24.392
24.392
24.086
24.256
24.256
23.746
23.746
23.916
23.576
23.576
23.916
23.746
23.236
22.93
23.236
23.066
23.066
23.066
22.93
23.066
22.76
22.76
22.76
22.42
22.25
22.42
22.25
22.08
22.42
22.25
22.08
21.91
22.08
21.91
21.74
22.08
21.57
21.57
21.74
21.434
21.74
21.264
20.924
21.094
20.924
20.924
20.414
20.414
20.754
20.244
20.108
20.414
20.414
20.108
20.244
20.244
19.768
19.768
19.428
19.598
19.768
19.258
19.428
19.428
19.258
18.918
19.088
18.442
18.918
18.612
18.442
18.612
18.442
18.442
18.272
18.102
17.762
18.102
18.272
17.422
17.592
17.592
17.762
17.762
17.422
17.592
16.946
17.286
17.116
17.286
17.422
16.776
17.116
16.776
16.776
16.946
16.606
16.436
16.096
16.436
16.266
16.436
16.096
15.926
15.926
16.266
16.096
16.096
15.62
15.79
15.926
16.096
16.266
15.79
15.926
15.926
15.62
15.45
15.28
15.79
15.62
15.62
15.926
15.11
15.28
15.45
15.11
15.11
15.11
15.28
15.28
15.11
15.28
14.77
14.464
14.464
14.294
14.294
14.294
14.294
14.124
14.294
13.954
13.784
13.444
13.784
13.444
13.444
13.444
13.784
13.274
13.614
13.614
13.104
12.968
13.104
12.968
13.274
13.104
13.274
13.444
13.104
13.104
13.104
13.444
12.968
12.968
13.104
12.798
12.968
12.798
12.628
12.798
12.798
12.628
12.628
12.458
12.798
12.458
12.288
12.288
12.118
12.458
12.628
12.458
12.288
12.288
12.118
11.778
11.778
11.778
11.948
12.118
11.948
11.948
11.778
11.948
11.778
11.608
11.778
11.608
11.778
11.302
11.132
11.472
11.132
11.302
11.472
11.302
11.302
11.302
11.302
11.132
10.792
10.622
10.962
11.302
10.962
11.132
11.132
10.792
10.962
10.622
11.132
10.962
10.792
10.622
10.622
10.282
10.452
10.622
10.282
10.452
10.792
10.282
10.282
10.452
10.622
10.792
10.622
10.622
10.962
10.792
10.452
10.792
10.622
10.622
10.792
10.452
10.622
10.792
10.452
11.132
10.962
11.132
10.962
10.962
10.962
10.622
10.792
10.792
10.962
10.622
10.622
10.962
10.792
10.622
10.282
10.792
10.792
10.452
10.962
10.962
10.792
10.622
10.452
10.622
10.452
10.792
10.622
10.792
10.452
10.792
10.622
10.282
10.282
10.282
10.452
10.622
10.452
10.622
10.622
10.622
10.452
10.452
10.622
10.452
10.282
10.282
10.622
10.282
10.282
10.452
10.282
10.146
10.282
10.146
10.622
10.146
10.282
10.146
9.976
10.452
10.452
10.282
10.282
10.282
10.282
10.452
10.282
10.146
10.146
10.146
10.282
9.976
9.806
10.146
10.452
10.146
9.976
10.146
10.282
9.976
10.146
10.146
9.976
10.282
9.976
9.806
9.806
10.146
9.976
9.976
10.146
9.976
10.146
10.146
9.806
9.976
10.282
9.806
9.806
9.806
10.146
9.976
10.282
10.146
10.146
10.282
10.146
10.282
10.282
10.452
10.146
10.792
10.452
10.622
10.452
10.962
10.962
10.622
10.622
11.132
10.962
10.622
11.132
11.302
11.302
11.132
11.302
11.302
11.472
11.472
11.302
11.472
11.608
11.608
11.948
11.778
12.118
11.778
11.778
11.948
12.288
11.948
12.458
12.458
12.458
12.628
12.288
12.968
12.968
12.968
12.798
13.104
13.444
12.968
13.274
13.614
13.444
13.614
13.444
13.784
13.954
13.954
13.784
13.614
13.954
13.954
14.124
14.464
14.124
14.294
14.77
14.6
14.77
14.77
15.11
15.28
15.11
15.45
15.79
14.94
15.62
15.62
15.79
15.926
15.79
16.096
16.436
16.436
16.606
16.946
16.946
16.436
16.776
16.946
17.286
17.422
17.762
17.592
18.102
18.272
18.272
18.748
19.258
19.428
19.088
19.768
19.598
20.108
20.414
20.584
20.924
20.924
21.264
21.74
21.74
21.91
22.59
23.066
23.066
23.576
23.746
24.086
24.732
24.902
25.412
26.058
26.228
26.908
27.078
27.554
28.234
28.064
28.71
29.05
29.39
29.73
30.206
30.886
31.226
31.532
32.042
32.042
33.028
33.368
33.538
34.218
34.354
34.694
35.034
36.02
36.53
37.04
37.516
37.856
38.536
38.672
39.692
40.678
40.848
41.188
41.664
42.004
42.174
42.82
43.33
43.5
44.316
44.486
45.336
45.812
45.982
46.832
47.002
47.308
47.648
47.818
48.328
48.804
49.484
49.654
49.96
50.64
50.81
51.456
51.966
52.136
52.306
52.306
52.782
53.122
53.462
53.632
54.618
54.448
54.788
55.128
55.128
55.604
55.944
55.944
56.284
56.624
56.964
56.964
57.1
57.1
57.78
57.78
57.95
58.12
58.29
58.426
58.766
58.766
58.936
59.446
59.446
59.616
60.092
60.092
59.922
60.262
60.602
60.772
60.942
60.942
61.248
61.418
61.588
61.588
61.758
61.928
61.758
62.268
61.928
62.268
62.438
62.438
62.608
62.744
62.744
63.084
62.744
62.914
63.084
63.424
63.764
63.424
63.594
63.764
63.764
63.764
63.934
63.764
63.934
64.41
64.41
64.41
64.92
64.58
65.09
65.43
65.43
64.92
65.26
65.566
65.43
65.736
65.736
65.906
65.566
65.906
66.076
66.416
66.076
66.416
66.246
66.246
66.416
66.756
66.892
66.586
66.892
66.892
66.892
67.232
67.232
66.892
67.062
67.062
66.892
66.892
67.232
67.232
67.232
67.232
67.742
67.232
67.232
67.232
67.402
67.402
67.232
67.572
67.232
67.572
67.402
67.572
67.572
67.742
67.742
67.572
67.742
67.742
67.572
67.402
67.402
67.402
67.402
67.232
67.572
67.572
67.402
67.402
67.232
67.062
67.232
66.892
66.756
66.416
66.756
66.586
66.586
66.416
66.246
65.736
66.416
65.736
66.076
65.566
65.26
65.26
65.26
65.43
64.92
64.58
65.09
64.58
64.24
64.07
63.764
63.934
63.764
63.424
63.254
63.084
62.914
62.914
62.608
62.098
61.928
61.928
61.928
61.248
60.942
60.772
60.602
60.092
60.092
59.922
59.786
59.276
58.936
58.426
58.426
57.78
57.78
57.1
57.1
56.964
56.454
56.454
56.284
55.774
55.468
55.468
55.298
54.958
54.618
54.448
54.278
53.972
53.462
53.462
52.476
52.476
52.136
51.626
51.456
50.81
50.81
50.13
50.3
49.96
49.144
48.974
48.328
47.988
47.308
47.478
46.832
46.492
46.322
45.506
45.166
45.166
44.486
43.5
43.33
43.16
42.514
42.82
41.664
41.494
41.188
40.678
40.168
39.998
39.182
39.012
38.196
38.026
37.516
37.346
36.87
36.19
35.85
35.544
35.034
34.864
34.218
33.878
33.198
32.858
32.212
31.872
31.056
30.716
30.546
29.73
29.56
29.05
28.71
28.234
27.724
27.078
26.568
26.398
25.752
25.072
24.392
24.256
23.576
23.576
23.066
22.08
21.74
21.264
20.924
20.754
19.938
19.428
19.258
18.442
18.748
18.272
17.592
16.946
16.436
16.266
15.79
14.94
14.94
14.464
14.294
13.614
13.104
12.628
12.628
11.948
11.948
11.778
11.302
10.962
10.452
10.452
9.806
9.466
9.296
9.126
8.65
7.97
8.31
7.46
7.324
7.324
6.814
6.644
6.304
6.304
6.304
5.828
5.828
5.488
4.978
5.318
4.978
4.978
4.808
5.148
4.638
4.808
5.148
4.808
4.808
4.978
4.808
4.978
4.978
4.978
4.978
4.638
5.148
5.148
4.978
5.148
5.658
5.148
5.318
5.318
5.488
5.148
5.488
5.658
5.828
5.658
5.828
5.964
5.828
5.658
5.658
6.134
5.658
5.828
5.828
5.964
5.828
5.828
5.964
6.134
6.134
6.474
6.304
6.474
6.474
6.474
6.644
6.814
6.814
6.814
6.984
6.644
6.984
7.324
7.46
7.46
7.8
7.63
7.46
7.63
8.14
8.14
7.97
8.48
8.65
8.65
8.48
9.126
9.126
9.296
9.636
9.466
9.806
9.806
10.282
10.282
10.452
10.282
10.452
10.622
11.132
11.132
10.792
10.962
10.622
11.132
10.962
10.792
11.302
11.302
11.302
11.472
11.608
11.608
11.608
11.472
12.118
12.288
12.458
12.288
12.458
12.798
12.968
12.968
13.274
13.274
13.784
14.464
14.6
14.77
15.28
15.79
16.266
17.286
17.286
17.932
18.102
18.748
19.598
19.768
19.938
20.924
20.754
21.434
21.264
21.57
22.25
22.42
23.236
23.916
23.916
23.746
23.746
23.746
24.086
24.086
24.392
24.256
24.086
24.086
24.086
23.916
24.086
23.746
23.406
23.406
23.236
22.93
22.93
22.93
22.59
22.42
22.42
21.91
21.74
21.74
21.57
20.924
20.754
20.584
20.244
19.938
19.938
19.598
19.768
19.428
19.598
19.258
19.598
20.108
19.598
19.428
19.598
19.938
19.598
19.938
20.108
20.244
20.244
20.414
20.414
20.584
20.924
20.924
20.754
20.754
21.094
21.094
20.754
20.924
21.094
20.924
20.924
20.924
20.584
20.414
20.754
20.584
20.584
20.244
20.108
20.108
20.108
19.598
19.938
19.768
19.428
19.428
19.258
18.918
19.088
18.918
18.748
18.442
18.442
18.272
18.102
18.102
18.442
18.102
17.932
17.762
17.592
17.422
17.592
17.286
17.116
16.776
16.946
16.776
16.946
16.946
16.606
16.606
16.436
16.436
16.436
16.606
16.776
16.606
16.436
16.266
15.926
16.266
16.096
15.926
16.266
15.79
15.79
15.62
15.926
16.096
15.45
15.62
15.79
15.28
15.45
15.45
15.11
15.11
15.11
15.11
14.464
14.94
14.94
14.464
14.464
14.464
14.294
14.294
13.954
13.784
13.954
13.954
13.954
13.784
13.784
13.444
13.784
13.104
12.968
13.104
12.968
12.798
12.798
12.458
12.458
12.288
12.288
12.288
12.118
12.118
11.948
11.472
11.608
11.472
11.302
11.302
11.132
10.962
10.622
10.622
10.622
10.452
10.622
10.622
10.146
9.976
9.976
10.146
9.976
9.636
9.636
9.466
9.636
8.956
9.296
8.956
8.786
8.786
8.786
8.65
8.65
8.48
8.786
8.31
8.31
8.48
8.31
8.31
7.97
7.97
7.97
7.8
7.97
7.97
7.97
7.63
7.63
7.46
7.46
7.324
7.324
7.324
7.154
6.814
6.644
6.814
6.814
6.814
6.984
6.814
6.644
6.474
6.304
6.304
6.304
6.304
6.134
6.644
5.828
6.134
5.488
5.828
5.964
5.488
5.318
5.148
4.978
5.148
5.318
4.808
5.148
4.638
4.978
4.978
4.978
4.808
4.638
4.502
4.502
4.502
4.332
4.332
4.162
4.162
4.332
4.162
3.992
3.652
3.652
3.652
3.822
3.822
3.822
3.652
3.312
3.482
3.822
3.312
3.822
3.312
3.142
3.482
3.482
3.652
3.312
3.142
3.142
3.652
3.312
3.006
3.006
3.006
3.482
3.652
3.482
3.312
3.142
3.312
3.312
3.142
3.482
3.312
3.312
3.142
3.652
3.482
3.312
3.482
3.482
3.652
3.312
3.482
3.652
3.482
3.822
3.652
3.652
3.822
3.822
3.652
3.822
3.482
3.992
3.822
4.162
3.822
3.822
3.652
3.822
3.822
3.992
3.652
3.652
4.162
3.822
3.652
3.992
3.992
3.822
4.162
3.992
4.162
4.162
4.332
4.502
3.992
3.652
3.992
3.822
3.822
4.162
4.162
4.162
4.162
4.332
4.162
4.332
4.502
3.992
4.332
3.992
4.162
4.332
4.502
4.332
4.162
4.502
4.332
4.502
4.638
4.638
4.808
4.502
4.502
4.332
4.638
4.638
4.638
4.808
5.148
4.502
4.638
4.502
4.638
4.808
4.978
4.808
4.978
4.978
5.148
5.148
5.148
5.318
4.978
5.148
5.318
5.318
5.318
5.318
5.488
5.148
5.318
5.658
5.488
5.658
5.658
5.828
5.488
5.658
5.318
5.964
5.828
5.964
5.964
5.828
6.134
6.134
6.134
6.304
6.134
6.134
6.644
6.644
6.474
6.304
6.644
6.644
6.984
6.984
7.154
7.154
7.154
7.154
6.984
7.324
7.324
7.46
7.97
7.63
7.63
8.14
7.63
7.97
7.97
7.97
7.97
8.48
8.48
8.31
8.786
8.65
8.956
8.956
9.296
9.296
9.296
9.466
9.466
9.636
9.636
9.976
9.976
10.146
10.146
10.146
10.146
10.622
10.792
10.622
10.962
10.962
10.962
11.302
11.302
11.302
11.302
11.472
11.608
11.778
11.948
12.118
12.458
12.628
12.628
12.628
12.798
12.798
13.274
13.444
13.274
13.614
14.124
14.124
14.294
14.6
14.6
14.94
14.94
15.28
15.45
15.62
16.096
15.926
16.436
16.096
16.606
16.776
17.116
17.422
17.932
17.762
17.592
18.102
18.442
18.748
18.918
19.088
19.428
20.244
19.938
20.244
20.584
21.264
21.264
22.08
22.25
21.91
22.42
22.93
23.576
23.406
23.916
24.562
24.902
25.582
26.058
27.078
27.078
27.894
28.064
28.88
29.22
29.56
29.73
30.376
30.886
31.396
31.532
32.212
32.722
33.198
34.048
34.524
34.864
35.714
35.714
36.53
37.04
37.516
37.516
38.196
38.842
39.182
39.352
39.998
40.848
40.848
41.664
42.174
42.684
42.82
43.84
44.01
44.826
45.336
45.982
46.152
46.322
47.002
47.648
47.648
48.328
48.634
48.974
49.654
50.3
50.64
51.15
51.626
51.966
51.966
52.646
53.292
53.632
54.108
54.448
54.958
55.604
55.774
56.454
56.454
56.964
57.1
57.44
57.78
58.426
58.426
58.936
59.446
59.276
59.616
60.262
60.772
60.942
61.112
61.418
61.588
62.268
62.438
63.084
63.084
63.084
63.254
63.764
64.07
64.41
64.07
64.41
64.92
64.75
64.75
65.09
65.09
65.43
65.43
65.566
65.566
66.076
65.906
65.906
65.906
66.416
65.906
66.076
66.246
66.246
66.246
66.586
66.416
66.756
66.892
66.756
66.756
66.892
66.756
66.756
66.892
66.756
66.892
66.892
66.756
66.892
66.892
67.232
66.892
67.232
67.232
67.232
67.062
67.402
67.062
67.402
67.572
67.062
67.742
67.232
67.232
67.232
67.402
67.402
67.402
67.572
67.742
67.742
67.402
67.912
68.082
68.082
68.082
67.912
68.252
68.252
68.252
68.388
68.388
68.558
68.898
68.898
69.408
68.898
69.068
68.898
68.898
69.068
69.068
68.898
69.068
68.728
68.898
69.068
68.898
69.408
69.578
69.068
69.238
69.714
69.068
69.408
69.238
69.408
68.898
69.238
69.068
69.238
69.068
69.238
69.068
69.238
69.068
68.898
68.728
68.558
68.728
68.728
68.728
68.388
68.252
67.912
68.082
67.572
67.742
67.912
67.742
67.572
67.742
67.062
66.892
66.756
66.416
66.892
66.246
65.906
65.43
65.736
65.26
65.09
65.09
64.92
64.75
64.58
64.41
64.41
63.934
63.424
63.084
62.744
62.744
62.608
61.928
62.098
61.588
61.418
61.112
60.942
60.602
60.602
60.262
59.786
59.446
59.446
58.936
58.426
58.29
58.29
57.95
57.44
57.44
56.964
56.964
56.284
56.454
55.604
55.128
54.958
54.788
54.278
53.802
53.292
53.292
52.476
52.646
52.136
51.456
51.456
50.81
50.47
50.13
49.484
48.974
48.804
48.328
47.988
47.478
47.138
46.492
46.152
45.642
45.166
44.826
44.18
44.18
43.33
42.82
42.684
42.004
41.494
41.188
40.678
39.998
39.522
39.182
38.842
38.366
37.856
37.346
36.7
36.53
36.02
35.374
34.864
34.218
33.708
33.708
32.858
32.382
31.872
31.396
30.716
30.376
29.9
29.05
28.88
28.404
27.894
27.384
26.738
26.058
25.752
25.072
24.902
24.562
23.576
23.066
22.59
21.57
21.434
21.264
20.244
19.938
19.598
19.258
18.612
18.272
17.592
17.116
16.946
16.096
15.62
15.45
14.94
14.77
13.954
13.954
13.614
12.968
12.798
12.628
12.288
11.778
11.472
11.302
10.792
10.622
9.976
9.806
9.296
8.956
8.65
8.31
8.31
7.8
7.8
7.63
7.63
7.46
7.324
7.154
7.324
7.324
7.46
7.46
7.324
7.154
7.46
7.46
7.154
7.46
7.324
7.154
7.154
6.984
7.154
7.154
7.154
7.324
7.324
7.46
7.324
7.46
7.324
7.154
7.324
7.324
7.324
6.814
6.984
6.984
6.814
6.814
6.814
6.984
7.154
6.814
7.154
7.324
6.984
6.644
6.814
6.984
6.814
6.644
6.814
7.46
6.984
6.814
7.154
7.63
7.63
7.63
7.8
7.97
7.8
7.97
8.14
8.48
8.48
8.65
8.956
9.126
8.956
9.296
9.636
9.636
9.806
9.976
10.146
10.452
10.622
10.622
10.962
11.132
10.962
11.302
11.472
11.608
11.608
11.778
12.288
12.628
12.458
12.968
13.104
13.274
13.614
13.614
13.784
14.124
13.954
14.6
14.77
14.77
14.94
15.28
15.62
15.926
16.266
16.776
17.116
17.762
18.272
18.102
18.748
19.428
19.938
20.414
20.754
21.094
21.264
21.434
21.74
22.25
21.91
22.08
22.59
22.42
22.59
22.76
22.76
22.93
22.93
22.76
23.066
22.93
22.59
22.59
23.746
23.746
23.746
23.746
23.746
23.576
23.576
23.916
23.576
23.746
23.746
23.066
21.91
22.08
21.91
22.08
22.08
22.25
22.42
22.93
22.59
22.25
22.08
21.91
21.74
21.434
21.094
20.924
20.924
20.754
20.924
21.094
21.264
21.094
21.434
21.74
21.57
21.264
21.57
21.74
22.25
21.57
21.74
22.08
22.08
21.91
22.08
22.08
22.08
21.91
22.25
22.42
21.91
22.25
21.74
21.91
21.74
22.08
22.08
21.434
21.74
21.094
21.094
20.924
21.264
20.754
20.754
20.754
20.108
20.414
20.584
20.244
20.244
20.108
20.108
19.768
19.768
19.768
19.768
19.598
19.598
19.258
19.428
19.258
19.428
19.088
19.258
19.088
18.918
18.918
18.748
18.748
18.748
19.258
19.088
18.918
18.748
18.748
19.088
18.918
18.918
18.612
18.918
18.918
18.918
18.748
19.088
18.748
18.918
18.612
18.918
18.612
18.612
18.612
18.612
18.272
18.272
18.442
18.612
17.932
17.932
17.592
17.932
18.102
17.592
17.422
17.286
17.286
17.116
16.776
17.116
16.946
16.606
16.606
16.436
16.266
16.096
15.926
15.79
15.79
15.28
15.45
15.45
15.28
15.45
15.11
15.11
14.94
14.77
14.6
14.94
14.77
14.77
14.6
14.464
14.464
14.294
14.294
14.294
13.784
14.294
14.124
13.784
13.614
13.784
13.614
13.274
13.444
13.444
13.104
13.274
12.968
12.628
12.458
12.628
12.458
12.118
11.948
11.948
11.778
11.778
12.118
11.778
11.302
11.778
11.778
11.608
11.132
11.302
11.132
11.132
11.132
11.302
11.132
10.962
10.792
11.132
10.962
11.302
10.792
10.792
10.962
10.452
10.452
10.146
9.976
9.976
9.806
9.806
9.806
9.636
9.636
9.296
9.296
9.296
9.466
8.956
9.296
9.126
8.786
8.786
8.786
8.956
8.786
8.48
8.65
8.14
8.14
8.14
7.97
7.8
7.97
7.63
7.46
7.46
7.46
7.324
7.46
7.324
7.154
7.154
7.154
6.814
7.154
6.474
6.644
6.814
6.644
6.474
6.304
6.304
6.644
6.644
6.304
6.134
6.304
5.964
5.964
5.964
6.134
5.964
5.828
5.964
5.964
5.828
5.964
6.134
6.134
6.134
5.964
5.828
5.828
5.828
5.964
5.658
5.828
5.828
5.828
5.964
5.964
5.964
5.828
5.828
5.828
5.828
5.488
5.658
5.488
5.488
5.488
6.304
5.828
5.964
5.964
5.828
5.658
5.828
5.658
5.828
5.828
5.658
5.828
5.964
5.828
6.134
5.964
6.134
6.304
5.964
5.828
5.964
5.964
5.658
5.964
5.964
5.828
6.134
5.658
5.828
6.134
5.828
5.964
5.964
6.134
5.828
5.828
5.964
5.658
5.964
5.964
5.828
5.828
5.658
5.658
5.658
5.828
5.658
5.488
5.488
5.488
5.658
5.318
5.658
5.318
5.658
5.318
5.658
5.488
5.318
5.488
5.658
5.828
5.658
5.658
5.658
5.964
5.658
5.658
5.658
5.828
5.658
5.658
5.658
5.658
5.964
5.488
5.658
5.828
5.658
6.134
5.828
5.828
5.964
5.964
5.828
6.134
5.964
6.304
6.134
5.964
6.474
6.474
6.134
6.134
6.644
6.644
6.644
6.474
6.984
6.814
6.984
6.984
7.324
7.154
6.984
7.154
7.154
7.324
7.324
7.46
7.8
7.63
7.8
7.63
7.97
7.8
8.14
8.14
8.31
8.65
8.48
8.786
8.48
8.956
8.786
8.956
9.296
9.296
9.466
9.126
9.296
9.806
9.636
10.146
9.976
9.976
9.976
10.282
10.282
10.962
10.792
10.792
10.452
11.132
11.302
10.962
11.132
11.302
11.608
11.778
11.948
11.608
12.118
12.288
12.628
12.628
12.458
12.798
12.968
13.104
12.968
12.968
13.104
13.784
13.444
13.444
13.784
13.954
13.614
13.954
14.124
14.464
14.77
14.77
14.464
14.6
14.94
15.11
15.62
15.62
15.45
15.79
15.926
15.62
15.926
16.266
16.606
16.436
16.606
16.776
16.776
17.422
17.422
17.932
18.442
18.272
18.442
18.612
18.918
19.258
19.428
19.428
20.108
20.108
20.414
20.754
20.754
21.094
21.57
22.08
21.91
22.76
22.93
23.576
23.576
24.086
24.562
25.072
25.412
25.752
26.058
26.398
26.738
27.214
27.554
28.234
29.05
29.22
29.9
30.206
30.036
30.716
31.056
31.702
32.212
32.722
32.858
33.538
34.354
34.354
35.034
35.544
36.19
36.87
37.346
37.686
38.366
38.842
39.522
39.352
39.862
40.338
40.678
41.834
42.004
42.344
42.82
43.33
43.5
43.84
44.316
44.826
45.506
45.812
46.322
46.492
47.138
47.138
47.648
48.328
48.464
48.974
49.484
49.314
49.654
49.96
49.96
50.64
50.81
51.286
51.15
51.456
51.456
52.306
52.476
52.646
52.782
53.462
53.292
53.632
53.972
53.972
54.108
54.788
54.788
55.128
55.774
55.774
56.114
56.114
56.454
56.794
57.27
57.27
57.61
57.61
57.95
58.12
58.596
58.766
58.766
59.106
59.446
59.616
59.616
59.786
60.092
60.432
60.432
60.602
60.602
60.942
60.942
61.248
61.418
61.418
61.588
61.928
61.928
62.438
61.928
62.268
62.608
62.744
62.438
62.608
62.914
62.914
63.084
62.914
63.084
63.254
63.254
63.424
63.594
63.424
63.594
63.764
63.594
63.594
63.934
64.07
63.764
63.934
64.07
63.764
64.07
64.07
64.07
64.07
64.41
64.24
63.934
64.07
64.24
64.58
64.07
64.41
64.58
64.58
64.75
64.92
64.41
65.09
64.75
65.09
64.75
64.75
64.58
65.09
64.92
65.26
65.566
65.43
65.566
65.26
65.26
64.92
65.09
64.75
65.43
65.09
65.26
64.92
64.92
65.26
64.75
64.41
64.92
64.92
65.26
65.26
64.92
65.09
64.75
64.75
64.75
65.09
64.92
64.92
65.26
65.26
65.09
65.09
65.09
65.09
64.92
64.92
64.75
64.92
64.58
64.41
64.75
64.58
64.58
64.58
64.24
63.934
64.41
64.07
64.41
64.41
63.934
64.07
63.764
63.594
63.594
63.594
63.084
63.084
62.608
62.744
62.914
62.608
62.098
61.928
61.758
61.588
61.588
60.942
60.772
60.602
59.922
60.092
59.922
59.276
59.276
59.276
58.766
58.426
57.95
58.12
57.61
57.27
57.27
56.964
56.454
56.624
56.114
55.774
55.604
55.298
54.788
54.448
54.278
54.278
53.462
52.782
52.782
52.646
52.476
51.966
51.966
50.81
50.98
50.47
49.96
49.314
48.634
48.464
47.988
47.478
47.308
46.832
46.322
45.982
45.506
44.656
44.826
44.316
43.84
43.5
42.99
42.684
42.344
41.494
41.358
40.678
40.338
40.168
39.522
39.012
38.536
38.026
37.516
36.7
36.7
36.19
35.544
35.034
34.864
34.354
33.878
33.198
32.722
32.212
32.042
31.532
30.886
30.036
29.9
29.39
28.71
28.234
28.064
27.214
26.738
26.228
26.058
25.242
24.732
24.732
23.916
23.236
22.59
22.25
21.57
20.754
20.244
19.938
19.768
19.258
18.748
18.272
17.932
17.286
16.946
16.096
15.926
15.28
15.11
14.6
14.464
13.784
12.968
12.968
12.458
11.948
11.778
11.472
11.132
10.622
10.282
10.282
9.976
9.466
8.956
8.31
8.31
7.8
7.46
7.154
6.984
6.644
6.304
5.964
5.964
5.488
5.318
4.978
4.978
4.638
4.638
4.638
4.502
4.808
4.332
4.502
4.502
4.638
4.502
4.502
4.162
3.992
4.332
4.332
4.332
3.992
3.992
3.822
4.502
3.822
3.992
3.992
3.822
4.162
3.482
3.822
3.312
3.482
3.482
3.142
3.312
3.142
3.482
3.312
3.006
3.312
3.142
3.142
3.482
3.312
3.006
3.482
3.006
3.312
3.142
3.312
2.836
3.312
3.822
3.652
3.482
3.822
3.992
3.992
3.992
4.502
4.638
4.808
5.148
5.148
4.978
4.638
5.148
5.658
5.658
5.828
5.828
5.488
6.134
5.964
6.474
6.644
6.304
6.474
6.984
7.46
7.63
7.324
7.8
7.97
8.14
8.14
8.65
8.786
9.126
8.786
9.126
9.636
9.636
9.976
9.976
9.806
9.636
9.976
10.146
10.146
10.792
10.282
10.452
10.622
10.792
10.962
11.132
10.792
10.962
11.302
11.302
11.778
11.778
11.302
11.472
11.948
12.288
12.288
12.458
12.628
13.104
13.104
13.614
13.954
14.6
15.11
15.28
15.62
16.436
16.436
16.436
16.776
17.286
17.116
17.286
17.286
19.088
19.598
20.108
20.108
19.938
20.924
21.434
21.094
21.264
21.434
21.91
21.74
21.264
20.414
20.754
20.924
20.924
21.094
21.094
21.264
21.57
21.264
21.434
21.264
20.754
20.414
20.414
20.108
19.768
19.428
19.258
19.598
19.428
19.598
19.768
19.258
19.428
19.598
19.768
19.258
19.768
19.938
20.108
20.244
20.108
19.598
19.938
19.768
20.108
20.244
19.598
19.598
19.598
19.938
19.428
19.768
19.428
19.938
20.108
20.108
19.938
19.768
19.598
19.938
19.938
19.598
20.108
20.108
20.414
20.108
20.108
20.108
19.768
19.598
19.938
19.598
19.428
19.258
19.088
19.088
19.258
19.258
18.918
18.918
19.088
19.088
18.918
18.918
19.258
18.612
18.748
18.612
18.918
18.748
18.442
18.612
18.272
18.102
18.102
18.272
17.592
17.592
17.932
17.932
17.932
17.932
17.932
17.932
17.762
17.592
17.592
17.422
17.592
17.762
17.422
17.286
17.422
17.592
17.422
17.286
17.116
17.286
17.286
17.286
17.286
17.116
17.286
17.286
16.946
16.946
16.776
16.946
16.776
16.436
16.436
16.436
16.096
16.096
16.096
15.926
16.096
15.926
15.79
15.62
15.926
16.096
15.926
15.79
15.62
15.79
15.45
14.94
14.464
14.6
14.77
14.464
14.294
14.124
14.464
14.294
14.464
14.124
13.954
13.954
13.954
13.954
13.614
13.274
13.444
13.274
12.798
12.968
13.104
12.628
12.458
12.458
12.288
12.288
11.948
11.778
11.778
11.948
11.472
11.302
11.608
11.302
11.302
11.472
10.962
10.962
10.792
10.962
10.792
10.622
10.622
10.622
10.792
10.282
10.452
10.622
10.282
10.146
10.282
10.146
10.622
10.452
10.452
10.282
10.282
10.146
10.282
10.282
9.806
9.976
10.146
10.146
9.976
9.466
9.296
9.466
9.466
8.956
9.296
9.296
8.956
8.65
8.786
8.65
8.31
8.31
8.31
8.31
8.31
7.8
7.63
7.63
7.154
7.154
6.984
7.154
7.324
6.984
7.154
7.63
7.154
6.984
6.984
6.984
7.154
6.644
6.644
6.644
6.474
6.304
6.474
6.474
5.964
6.134
6.134
5.964
5.964
5.828
5.828
5.658
5.488
5.658
5.488
5.658
5.488
5.318
5.318
5.318
5.488
5.148
4.978
4.978
4.978
4.638
4.978
4.978
5.318
4.978
4.808
5.148
4.978
4.808
4.808
4.638
4.808
4.808
4.808
4.808
4.808
4.332
4.502
4.978
4.978
4.808
4.978
4.502
4.638
4.808
4.638
4.638
4.978
4.808
5.148
5.318
4.808
4.808
4.638
4.502
4.638
4.808
4.502
4.978
5.318
4.808
4.808
5.148
5.148
5.318
5.488
5.488
5.148
5.318
5.318
5.488
5.148
5.828
5.318
5.318
5.658
5.658
5.828
5.658
5.964
5.828
5.658
5.318
5.964
6.134
5.828
5.828
5.828
5.488
5.828
5.148
5.148
5.488
5.488
5.488
5.318
5.488
5.318
5.488
5.658
5.318
5.318
5.658
5.658
5.488
5.488
5.658
5.658
5.658
5.318
5.828
5.964
5.964
6.304
6.134
6.304
5.964
6.134
6.304
6.134
6.474
6.474
6.644
6.474
6.644
6.644
6.474
6.474
6.644
6.814
6.644
6.644
6.814
6.984
6.644
6.984
6.474
6.984
6.814
6.984
6.814
7.324
7.324
7.46
7.324
7.324
7.324
7.324
7.154
7.46
7.154
7.46
7.8
8.14
7.8
7.8
7.97
8.14
7.97
8.14
8.48
7.97
8.31
8.48
8.786
8.786
8.48
8.48
8.65
8.786
8.786
9.126
8.956
9.636
9.466
9.126
9.296
9.296
9.466
9.636
9.636
9.636
9.976
9.636
9.976
10.452
9.806
10.146
10.452
10.792
10.282
10.622
10.962
10.792
11.302
11.472
11.472
11.778
11.608
11.608
11.608
11.948
11.948
12.118
12.288
12.458
12.628
12.628
12.628
12.968
13.104
12.798
13.444
13.274
13.274
13.614
13.614
13.784
14.124
13.954
14.294
14.77
14.77
15.11
15.28
15.11
15.62
15.45
15.45
15.926
16.606
16.096
16.436
16.606
17.116
17.116
17.422
17.422
17.762
17.932
18.102
18.442
18.918
18.918
19.428
19.258
19.768
20.108
20.244
20.584
20.924
21.57
21.264
21.91
22.42
22.42
23.236
23.746
23.916
24.392
24.902
24.562
25.242
26.058
26.058
26.908
27.078
27.384
27.894
28.064
28.88
28.88
29.9
30.036
30.546
30.886
31.226
31.702
32.042
32.722
33.198
33.538
34.218
34.524
35.544
35.544
36.19
36.7
37.176
37.516
38.366
38.672
39.182
39.862
40.678
40.508
41.494
41.834
42.174
42.82
43.33
43.84
44.01
44.486
45.166
45.812
45.506
46.152
46.492
46.832
47.138
47.818
47.818
48.328
48.634
49.144
49.484
49.96
50.3
50.13
50.13
50.47
51.15
50.98
51.286
51.626
52.136
51.966
52.306
52.782
53.122
53.122
53.462
53.632
53.632
54.108
54.108
54.448
54.958
55.128
55.298
55.604
55.774
56.114
56.284
56.284
56.794
56.794
57.1
57.44
57.95
57.78
58.426
58.596
58.766
58.766
59.106
59.616
59.786
59.922
59.922
60.262
60.262
60.602
60.772
61.112
61.112
61.112
61.418
61.418
61.758
61.928
62.438
62.438
62.438
62.744
62.608
62.608
62.608
63.084
63.084
63.254
63.594
63.764
63.764
63.934
63.764
63.934
64.24
64.24
64.07
64.75
64.41
64.07
64.75
64.75
64.92
64.92
64.58
64.58
64.92
65.26
64.92
65.43
65.09
65.566
65.566
65.566
65.566
65.906
65.566
65.736
66.416
65.906
65.906
65.906
66.416
66.246
66.892
66.586
66.756
66.586
66.586
66.756
66.892
66.586
67.062
67.232
67.572
67.402
66.756
66.892
66.756
66.892
66.756
67.232
67.402
67.062
67.232
67.232
66.756
67.402
67.232
67.062
67.402
67.062
67.062
66.892
67.062
67.062
67.232
67.062
67.402
67.402
67.062
67.232
67.232
67.232
66.892
67.062
67.062
67.062
67.232
66.892
66.756
66.416
66.756
66.586
66.416
66.246
66.246
65.906
65.906
65.736
65.906
65.26
65.566
65.43
65.566
65.09
65.09
64.92
64.58
64.41
64.24
64.07
64.07
63.934
63.254
63.084
63.084
62.744
62.608
62.438
62.268
61.928
61.758
61.588
61.418
60.772
60.772
60.602
59.786
59.616
59.786
59.446
59.106
58.766
58.29
58.29
57.78
57.61
57.1
56.624
56.284
55.944
55.944
55.944
55.604
55.298
54.958
54.958
54.108
53.802
53.972
53.462
53.462
52.782
52.476
52.306
51.966
51.626
51.15
50.64
50.47
50.47
50.13
49.654
48.974
48.634
48.464
47.988
47.308
47.002
46.832
46.322
45.982
45.812
44.996
44.486
44.18
44.01
43.5
43.16
42.514
42.004
41.664
41.018
40.678
40.338
40.168
39.862
38.842
38.536
38.026
37.176
37.176
36.53
36.36
36.19
35.544
34.524
33.878
33.538
32.722
32.212
31.532
31.056
30.716
30.206
29.9
29.39
28.064
28.234
27.214
27.214
26.398
25.752
25.242
25.072
23.916
23.916
23.236
22.42
21.91
21.57
20.584
20.108
20.108
19.258
18.748
18.442
17.762
17.422
16.776
16.096
15.45
15.11
15.11
13.954
13.784
13.274
12.968
12.288
12.458
11.778
11.132
10.622
10.282
9.636
9.466
8.956
8.65
8.31
8.14
7.46
6.984
7.154
6.474
5.828
5.658
5.488
5.318
4.978
4.638
4.162
4.502
3.822
3.312
3.312
3.142
3.142
3.006
2.836
2.836
2.666
2.666
2.496
2.326
1.986
1.986
1.986
2.156
1.68
1.68
1.816
1.816
1.68
1.68
1.816
1.816
1.986
1.986
2.156
1.816
1.986
1.34
1.68
1
1.68
1.51
1.34
1.816
1.34
1.68
1.51
1.68
1.816
1.68
1.816
1.51
1.68
1.986
2.326
2.326
2.326
1.986
1.51
1.68
1.51
1.68
1.816
2.156
1.34
1.986
2.496
2.496
2.156
2.156
3.006
3.142
3.652
3.652
3.992
3.652
4.332
4.638
5.148
4.808
5.318
5.148
5.148
5.828
5.828
5.964
5.964
6.134
6.134
6.644
6.984
6.984
6.814
7.154
7.154
7.154
7.63
7.46
7.324
8.31
8.31
8.14
8.956
8.786
8.956
9.296
9.636
9.806
10.282
9.976
10.282
10.792
11.132
11.778
11.948
12.288
13.104
13.444
13.954
14.94
15.28
15.62
16.266
16.606
17.422
17.762
18.612
18.918
19.088
19.938
20.414
21.264
21.434
21.57
21.91
22.76
22.76
23.236
23.406
23.576
23.576
23.916
23.746
23.746
23.916
23.746
23.406
23.066
23.406
23.236
22.59
22.25
21.74
22.08
21.094
20.754
22.25
22.76
22.42
22.76
22.93
22.76
22.42
22.42
20.584
20.414
20.754
20.414
20.924
20.584
20.754
20.754
20.584
20.414
19.938
19.768
19.598
19.258
18.748
18.748
18.442
18.612
18.102
18.272
18.442
18.272
18.612
19.088
19.768
19.938
20.414
20.414
20.924
20.924
21.264
21.264
21.264
21.434
21.264
21.264
21.434
21.57
21.434
21.434
21.74
21.434
21.57
21.57
21.74
21.91
21.91
21.57
21.57
21.74
21.74
21.74
21.264
21.434
21.434
21.434
21.094
21.264
21.094
21.094
20.924
21.094
21.094
21.094
20.924
20.754
20.584
20.414
20.924
20.924
20.584
20.754
20.584
20.108
20.108
20.244
20.244
20.754
20.414
20.754
20.414
20.754
20.244
20.108
20.414
20.584
20.584
20.414
20.754
20.924
20.414
20.244
20.584
20.584
20.414
20.244
20.244
20.108
20.244
19.938
19.938
19.938
19.598
19.598
19.768
19.598
19.598
19.258
19.258
18.918
18.612
18.612
18.612
18.442
18.612
18.612
18.272
17.762
17.762
17.932
17.592
17.592
17.286
17.286
17.286
16.946
16.436
16.266
16.776
16.436
16.436
16.096
15.62
15.62
15.45
15.62
15.79
15.62
15.28
15.28
14.94
15.11
15.11
14.77
14.77
14.294
14.6
14.6
14.464
15.45
15.45
15.28
15.11
14.94
14.464
13.954
13.614
13.784
13.784
13.274
13.784
13.614
13.274
13.104
13.444
13.104
12.968
12.968
12.968
12.628
12.118
12.288
12.288
12.628
12.628
12.458
12.628
12.628
12.458
12.458
12.288
12.118
12.798
12.628
12.458
12.288
11.948
12.118
12.118
12.288
11.948
11.948
11.778
11.472
11.302
10.792
11.302
11.472
11.132
10.962
10.792
10.792
10.792
10.452
10.146
10.282
10.146
10.452
9.466
9.976
9.806
9.636
9.636
9.466
9.296
9.126
9.126
9.126
8.48
8.786
8.65
8.48
8.31
8.14
8.48
8.31
7.97
8.14
7.97
7.97
8.14
7.63
7.8
7.154
7.324
7.46
7.63
7.46
7.154
7.154
7.46
7.324
7.154
7.154
6.984
6.814
6.474
6.644
6.814
6.814
6.304
6.474
6.304
6.474
6.134
6.304
6.134
6.644
6.474
6.304
6.474
5.828
6.304
6.304
6.134
5.964
6.134
6.474
6.304
6.134
5.964
5.964
5.964
6.134
6.134
5.828
6.134
6.134
6.304
6.134
5.964
5.964
6.474
6.134
6.134
6.134
6.304
6.134
6.134
6.304
6.134
5.964
5.964
5.828
5.828
5.964
5.658
5.964
5.828
6.474
5.964
5.964
6.134
6.134
5.964
6.304
6.134
6.304
6.474
6.134
6.304
6.644
6.644
6.644
6.644
6.474
5.964
6.644
6.644
6.984
6.814
6.984
6.474
6.134
6.644
6.474
6.304
6.644
6.134
6.134
6.474
6.644
6.474
6.644
6.474
6.474
6.304
6.304
6.474
6.474
6.474
6.984
6.644
6.644
6.644
6.644
6.814
6.984
7.154
7.324
7.324
7.324
7.63
7.63
7.8
7.63
7.63
7.8
7.63
7.97
7.8
7.97
7.8
7.97
8.14
8.14
7.8
7.97
7.97
7.97
8.14
8.31
7.8
7.63
8.31
8.48
8.31
8.31
8.65
8.65
8.786
8.65
9.126
8.956
8.956
8.956
9.466
8.786
8.956
8.956
9.466
9.466
9.806
9.466
9.636
9.806
10.146
9.806
9.976
9.976
10.146
10.146
10.282
10.452
10.452
10.452
10.962
10.792
11.132
10.962
11.302
10.962
11.132
11.472
11.132
11.472
11.472
11.948
11.948
12.118
12.118
12.288
12.118
12.288
12.458
12.458
12.798
12.968
12.798
12.968
12.968
13.104
13.444
13.444
13.274
13.614
13.954
13.954
13.614
14.124
13.954
14.294
14.124
14.294
14.464
14.464
14.294
14.464
14.6
14.77
14.77
14.94
14.94
15.11
15.28
15.45
16.096
15.45
15.926
16.266
16.606
16.776
16.606
16.776
16.946
16.946
17.116
17.286
17.592
17.762
17.932
18.272
18.102
18.748
18.612
18.918
19.258
19.598
19.428
19.938
19.938
19.598
20.754
20.584
20.754
20.924
21.264
21.74
22.08
22.25
22.59
22.59
23.406
24.086
24.256
24.562
24.732
25.072
25.412
25.582
26.228
26.568
26.908
27.384
27.384
27.724
28.574
29.05
29.39
29.22
29.9
30.546
31.056
31.532
31.872
32.042
32.382
33.028
33.368
33.878
34.354
34.524
35.544
36.19
36.36
37.346
37.686
38.026
38.536
39.182
39.862
40.338
40.678
41.188
41.834
42.344
42.514
43.33
43.5
43.84
44.656
45.166
45.336
46.152
46.662
47.138
47.648
47.988
48.328
48.634
48.974
49.484
49.96
50.3
50.47
50.98
51.456
51.15
51.966
52.476
52.646
53.462
53.122
53.632
54.108
54.278
54.278
54.958
54.788
54.958
55.298
55.298
55.604
55.604
56.114
56.114
56.454
56.964
56.964
57.27
57.1
57.95
57.78
58.29
58.426
58.426
59.106
59.276
59.446
59.446
60.092
60.092
60.092
60.262
60.772
60.942
61.248
61.248
61.418
61.588
61.418
61.758
61.928
61.928
62.744
62.744
62.438
63.084
62.744
63.594
63.084
63.424
63.084
63.084
63.424
63.764
63.764
63.764
63.934
63.594
63.764
64.07
63.934
63.934
64.07
64.07
64.07
64.24
64.41
64.41
64.75
64.58
64.75
64.92
64.75
64.75
65.09
64.92
65.26
65.09
65.43
65.09
64.92
64.92
65.26
65.26
65.26
65.43
65.736
65.26
65.43
65.736
65.566
65.906
65.43
65.566
65.566
65.566
65.736
65.736
65.906
65.736
66.246
65.906
66.076
65.906
66.416
66.416
66.586
66.586
66.756
66.416
66.416
66.586
66.416
66.246
66.586
66.586
66.586
66.892
66.756
66.756
66.892
66.892
66.892
66.892
66.892
67.062
66.756
66.586
66.892
66.892
66.756
66.892
67.062
66.756
66.756
66.756
66.246
66.246
66.076
66.246
65.736
66.076
65.906
65.736
65.736
65.736
65.566
65.566
65.09
65.26
65.43
64.92
64.92
64.92
64.24
64.58
64.07
63.934
63.764
63.254
63.764
63.424
62.914
62.744
62.438
62.268
62.438
62.268
62.098
61.588
61.248
61.248
60.772
60.602
60.602
60.092
59.922
59.786
59.106
58.766
58.596
58.766
58.12
57.78
57.61
57.1
56.794
57.1
56.284
56.114
55.774
55.468
54.958
54.958
54.788
54.618
54.108
53.632
53.122
53.122
52.646
52.476
51.966
51.966
51.456
50.98
50.98
50.64
50.13
49.824
49.484
49.144
48.974
48.464
47.988
48.158
47.478
47.138
46.832
46.152
45.642
45.336
44.996
44.996
44.18
43.33
43.5
42.82
42.004
42.004
41.664
41.358
40.848
40.678
39.522
39.692
39.352
38.536
38.196
38.026
37.516
36.53
36.19
35.714
35.544
34.864
34.694
34.218
33.708
33.028
32.552
32.212
31.532
31.226
30.546
30.206
29.39
28.88
28.71
27.894
27.214
26.908
26.228
25.888
25.242
24.562
24.256
23.406
23.066
22.93
22.25
21.74
20.924
20.584
20.244
19.428
18.748
18.612
18.272
17.592
17.422
16.266
15.926
15.62
14.77
14.464
14.294
13.614
13.614
12.628
12.798
12.118
11.778
11.132
10.792
10.452
10.146
9.806
9.296
9.126
8.31
8.31
7.97
7.8
7.154
7.154
7.154
6.814
6.474
5.828
5.658
5.488
4.808
4.638
4.162
3.822
3.652
3.652
3.312
3.006
2.496
2.666
2.326
1.816
1.68
1.816
1.816
1.816
1.68
1.68
1.34
1.816
1.816
1.51
1.51
1.51
1.17
1.17
1.17
0.83
1.17
1
1
1.17
0.66
0.66
0.83
1
0.83
1
0.49
0.66
0.49
0.32
0.49
0.32
0.014
0.32
0.014
0.184
0.32
0.184
0.49
0.49
0.83
0.66
0.83
1
0.83
0.66
1.17
1.17
1.34
1.34
1.51
2.326
1.986
2.496
2.156
2.326
2.836
3.142
3.312
3.992
3.822
4.162
3.482
3.482
4.162
3.992
4.638
4.332
4.978
5.488
5.488
5.658
5.828
5.658
5.964
6.134
6.304
6.644
6.814
7.324
7.46
7.63
8.14
8.31
8.31
8.31
8.65
8.956
9.296
9.466
9.466
9.296
9.636
9.806
10.146
9.976
10.146
10.146
10.146
9.976
9.976
10.146
10.282
10.282
10.622
10.452
10.452
10.962
10.962
10.962
11.302
11.302
11.302
11.948
12.118
11.778
12.458
12.458
12.458
13.104
12.968
13.444
13.784
13.954
14.464
15.28
15.79
15.79
16.266
16.776
17.116
17.286
16.606
16.946
16.946
17.116
17.286
17.116
17.116
16.946
18.272
19.258
19.258
19.088
20.244
20.244
20.244
20.108
20.244
20.108
20.414
19.938
19.598
19.598
19.938
19.598
19.768
20.108
19.938
20.244
20.108
20.108
19.768
19.598
19.598
19.258
19.428
19.258
19.258
18.748
18.748
19.088
18.918
19.258
19.428
19.598
19.938
19.768
19.428
19.428
19.598
19.428
18.748
18.918
18.748
18.918
18.918
19.088
18.748
18.918
18.748
18.748
18.918
19.088
18.918
19.088
19.088
19.088
18.918
19.258
19.598
19.258
19.088
19.258
19.598
19.598
19.428
20.108
19.768
19.598
19.258
19.428
19.258
18.748
18.748
19.088
19.088
19.258
18.918
18.918
18.918
18.918
18.612
18.748
18.442
18.748
18.612
18.442
18.918
18.442
18.102
18.102
18.102
18.272
18.272
17.932
18.612
18.272
18.442
18.748
18.102
18.272
18.102
18.272
18.272
18.442
17.932
17.932
18.272
18.272
18.442
18.442
18.102
18.442
18.442
18.272
18.272
18.272
18.272
17.932
18.102
17.762
18.272
17.762
17.762
17.592
17.762
17.592
17.592
16.776
17.592
17.286
17.422
17.422
16.606
16.776
17.116
16.776
16.776
16.776
16.266
16.266
16.606
16.266
16.096
15.79
15.62
15.79
15.28
14.94
14.94
14.6
15.11
14.464
14.294
14.6
14.94
14.6
14.464
14.294
14.464
14.124
14.124
14.294
13.784
13.614
13.444
13.274
13.104
13.614
12.798
12.798
12.968
12.968
12.968
12.628
12.968
12.628
12.798
12.628
12.798
12.118
12.458
12.458
12.458
11.948
12.118
11.948
11.778
11.948
11.778
11.608
11.778
11.778
10.282
10.792
10.962
11.302
11.608
11.472
11.608
11.608
11.608
11.472
11.302
10.792
10.452
10.622
10.792
10.622
10.452
10.622
10.452
10.452
10.282
10.282
10.622
10.146
10.282
10.452
10.146
9.976
9.976
10.452
10.146
9.806
9.806
9.806
9.976
9.976
9.466
9.466
9.296
9.296
9.466
9.296
8.956
8.65
9.126
9.296
8.786
8.786
8.48
8.14
8.48
8.48
8.48
7.97
8.14
8.14
8.14
8.14
8.14
7.97
8.14
7.97
7.97
7.8
7.46
7.97
7.63
7.63
7.46
7.46
7.46
7.63
7.154
6.984
7.154
7.324
7.154
6.814
7.154
6.814
6.814
7.324
6.984
6.984
6.984
6.984
7.154
6.984
6.984
6.814
6.814
6.814
6.644
6.304
6.984
6.474
6.814
6.644
6.304
6.474
6.474
6.304
6.304
6.474
6.304
5.964
6.304
5.964
5.964
5.964
5.964
5.964
5.964
5.828
5.828
5.658
5.828
5.658
5.828
5.828
5.488
5.828
5.658
5.658
5.658
5.658
5.488
5.318
5.488
5.488
5.488
5.658
5.488
5.488
5.658
5.488
5.964
5.148
5.658
5.488
5.828
5.488
5.488
5.488
5.658
5.828
5.828
5.964
5.488
5.658
5.318
5.828
5.658
5.488
5.658
5.658
5.828
5.964
5.658
6.134
5.658
5.488
5.828
5.828
5.828
5.964
6.134
6.134
5.964
6.134
6.304
6.304
6.134
6.304
6.474
6.474
6.644
6.474
6.474
6.474
6.474
6.474
6.134
6.474
6.644
6.644
6.474
6.644
6.474
6.984
6.814
6.984
6.814
7.154
6.984
7.154
6.984
7.46
6.984
6.984
7.324
6.814
7.63
7.63
7.324
7.97
7.8
7.8
7.8
7.63
7.46
7.324
7.8
7.8
7.97
7.8
7.63
7.97
7.8
8.31
7.97
7.63
8.14
8.31
8.31
8.31
8.65
8.65
8.786
8.786
8.65
8.65
8.956
8.65
8.956
9.126
9.126
9.466
9.466
9.466
9.466
9.296
9.126
9.636
9.636
9.466
10.146
9.806
9.976
9.976
10.452
10.622
10.146
10.452
10.622
10.452
10.792
10.792
10.792
10.962
11.132
11.302
10.962
11.302
11.472
11.302
11.608
11.948
12.288
11.948
12.118
12.458
12.288
12.288
12.118
12.628
12.458
12.968
13.104
13.104
13.614
13.444
13.784
13.784
13.954
13.614
13.614
13.954
13.954
14.6
14.464
14.6
14.94
14.77
14.6
14.94
15.28
15.45
15.62
15.926
16.096
16.266
16.776
16.776
16.606
16.946
17.286
17.286
17.932
18.272
18.442
18.612
18.272
19.088
19.088
19.258
19.598
19.598
20.108
20.108
20.754
20.924
21.094
21.264
21.434
21.57
21.57
22.08
22.59
22.93
23.066
24.086
23.916
24.392
24.562
24.562
25.072
25.582
25.888
25.752
26.398
27.554
27.554
28.234
28.404
29.05
28.88
29.73
29.9
30.206
31.226
31.396
31.872
32.212
32.858
33.028
33.708
34.218
34.864
34.864
35.544
36.19
36.7
37.346
37.686
37.856
38.672
39.182
39.862
40.338
40.678
41.664
42.174
42.684
43.33
43.5
44.18
44.996
45.506
46.492
46.492
47.308
47.308
47.988
48.804
49.314
49.824
50.13
50.64
51.15
51.796
52.476
52.952
52.952
53.462
54.108
54.448
54.958
55.128
55.298
55.604
56.454
56.794
56.964
57.1
57.44
57.78
57.78
58.596
58.766
59.106
59.276
59.106
59.616
59.922
60.262
60.432
60.262
60.432
60.772
60.602
61.112
61.418
61.588
62.268
61.928
62.098
62.438
62.608
62.744
63.084
63.254
63.764
63.934
64.24
64.24
64.58
64.75
64.75
64.92
65.09
65.43
65.736
65.26
65.736
65.566
65.906
65.906
66.076
66.586
66.586
66.416
66.416
66.756
66.586
66.756
67.062
66.892
66.892
66.892
66.756
67.232
67.062
66.892
67.402
67.402
67.402
67.232
67.402
67.402
67.572
68.082
67.572
67.912
67.912
67.742
67.912
67.742
67.572
68.082
68.082
67.912
67.912
67.742
67.912
67.912
67.912
67.912
68.082
68.252
67.742
68.082
68.558
68.082
68.388
68.558
68.558
68.388
69.238
68.728
68.252
68.252
68.252
68.082
68.388
68.558
68.388
68.252
68.388
68.388
68.252
68.558
68.898
68.558
68.388
68.728
68.558
68.388
68.558
68.728
69.068
68.728
68.558
68.558
68.558
68.728
68.252
68.728
68.252
68.252
68.388
68.558
68.558
68.082
68.388
67.912
67.572
67.742
67.742
67.572
67.572
67.402
67.062
67.062
66.892
66.586
66.586
66.756
66.246
66.246
66.246
66.416
65.906
65.566
65.43
65.09
65.09
64.92
64.41
64.41
63.934
63.594
63.934
63.424
63.254
62.914
62.914
62.744
62.098
62.098
61.758
61.588
61.418
60.942
60.942
60.602
60.262
59.922
59.786
59.446
58.936
58.766
58.596
58.29
57.61
57.61
57.1
56.964
56.964
56.454
55.774
55.944
55.604
55.604
54.618
54.618
54.448
53.972
53.972
53.292
52.952
52.476
52.306
52.306
51.796
51.626
51.15
50.98
50.47
50.3
49.824
49.654
49.144
48.634
48.464
48.464
47.648
47.478
47.308
47.002
46.492
45.982
45.506
45.166
44.826
44.486
44.01
43.33
43.16
42.82
42.514
42.174
41.834
41.018
40.848
40.168
39.998
39.352
38.842
38.672
38.196
37.516
37.176
37.04
36.36
36.19
35.544
34.864
34.524
34.218
33.878
33.368
32.858
32.552
31.396
31.226
31.056
30.716
30.036
29.56
29.22
28.88
28.234
27.894
27.384
27.078
26.738
25.888
25.752
25.242
24.732
24.732
24.256
23.746
22.93
22.42
21.91
21.434
20.414
20.414
19.938
19.598
19.428
19.088
17.932
17.762
17.762
17.116
16.776
16.436
16.096
15.62
15.45
14.77
14.6
13.954
13.444
12.798
12.628
12.628
11.778
11.778
11.302
11.132
10.282
9.806
9.636
9.466
9.126
8.786
8.31
8.31
7.63
7.324
7.154
7.324
6.984
6.474
5.964
5.658
5.658
4.978
4.638
4.808
4.638
4.638
4.162
4.332
3.992
3.992
3.652
3.482
3.312
3.006
3.142
