0	-2.98E-02
0.001	-2.35E-02
0.002	-1.10E-02
0.003	-2.98E-02
0.004	-1.10E-02
0.005	-1.73E-02
0.006	-1.10E-02
0.007	-1.73E-02
0.008	-1.10E-02
0.009	-4.75E-03
0.01	-4.75E-03
0.011	-2.35E-02
0.012	-1.10E-02
0.013	1.50E-03
0.014	-1.73E-02
0.015	-1.73E-02
0.016	-1.10E-02
0.017	-1.73E-02
0.018	-1.10E-02
0.019	-2.35E-02
0.02	-1.73E-02
0.021	-2.35E-02
0.022	-2.35E-02
0.023	-2.35E-02
0.024	-2.35E-02
0.025	-1.73E-02
0.026	-1.73E-02
0.027	-1.73E-02
0.028	-1.10E-02
0.029	-1.10E-02
0.03	1.50E-03
0.031	1.50E-03
0.032	-4.75E-03
0.033	7.75E-03
0.034	7.75E-03
0.035	1.50E-03
0.036	1.50E-03
0.037	1.50E-03
0.038	-4.75E-03
0.039	-4.75E-03
0.04	-1.10E-02
0.041	1.50E-03
0.042	-4.75E-03
0.043	-4.75E-03
0.044	1.50E-03
0.045	-1.73E-02
0.046	1.50E-03
0.047	-1.73E-02
0.048	-4.75E-03
0.049	1.50E-03
0.05	-4.75E-03
0.051	1.40E-02
0.052	7.75E-03
0.053	7.75E-03
0.054	1.40E-02
0.055	1.50E-03
0.056	1.40E-02
0.057	7.75E-03
0.058	7.75E-03
0.059	1.50E-03
0.06	7.75E-03
0.061	1.50E-03
0.062	1.50E-03
0.063	1.50E-03
0.064	1.50E-03
0.065	-4.75E-03
0.066	1.50E-03
0.067	-1.73E-02
0.068	-1.73E-02
0.069	-2.35E-02
0.07	-2.98E-02
0.071	-2.35E-02
0.072	-2.35E-02
0.073	-2.35E-02
0.074	-1.10E-02
0.075	-2.35E-02
0.076	-2.35E-02
0.077	-2.35E-02
0.078	-2.35E-02
0.079	-2.35E-02
0.08	-2.98E-02
0.081	-1.10E-02
0.082	-1.10E-02
0.083	-1.73E-02
0.084	-1.10E-02
0.085	-1.73E-02
0.086	-1.10E-02
0.087	-2.35E-02
0.088	-4.75E-03
0.089	-1.73E-02
0.09	-1.73E-02
0.091	-4.75E-03
0.092	-1.10E-02
0.093	-1.73E-02
0.094	1.50E-03
0.095	-4.75E-03
0.096	1.50E-03
0.097	-4.75E-03
0.098	1.50E-03
0.099	1.50E-03
0.1	-1.10E-02
0.101	1.50E-03
0.102	1.50E-03
0.103	1.50E-03
0.104	7.75E-03
0.105	1.50E-03
0.106	-4.75E-03
0.107	-4.75E-03
0.108	-4.75E-03
0.109	-4.75E-03
0.11	-4.75E-03
0.111	-4.75E-03
0.112	7.75E-03
0.113	1.50E-03
0.114	-1.10E-02
0.115	-1.10E-02
0.116	-4.75E-03
0.117	-1.73E-02
0.118	-1.73E-02
0.119	-1.10E-02
0.12	1.50E-03
0.121	1.50E-03
0.122	-1.10E-02
0.123	-4.75E-03
0.124	-4.75E-03
0.125	-1.73E-02
0.126	-4.75E-03
0.127	-1.73E-02
0.128	-1.73E-02
0.129	-2.35E-02
0.13	-4.75E-03
0.131	-4.75E-03
0.132	-2.35E-02
0.133	-1.10E-02
0.134	-4.75E-03
0.135	-1.10E-02
0.136	-1.73E-02
0.137	-1.10E-02
0.138	-4.75E-03
0.139	-2.35E-02
0.14	-1.73E-02
0.141	7.75E-03
0.142	-4.75E-03
0.143	-4.75E-03
0.144	1.50E-03
0.145	1.50E-03
0.146	7.75E-03
0.147	7.75E-03
0.148	1.50E-03
0.149	7.75E-03
0.15	7.75E-03
0.151	7.75E-03
0.152	7.75E-03
0.153	7.75E-03
0.154	7.75E-03
0.155	-4.75E-03
0.156	-1.10E-02
0.157	-1.10E-02
0.158	-1.73E-02
0.159	-3.60E-02
0.16	-1.73E-02
0.161	-2.98E-02
0.162	-2.35E-02
0.163	-1.73E-02
0.164	-2.98E-02
0.165	-2.98E-02
0.166	-1.73E-02
0.167	-2.35E-02
0.168	-1.73E-02
0.169	-2.35E-02
0.17	-1.73E-02
0.171	-1.73E-02
0.172	-1.73E-02
0.173	-4.75E-03
0.174	-1.73E-02
0.175	-1.73E-02
0.176	-4.75E-03
0.177	-4.75E-03
0.178	1.50E-03
0.179	1.50E-03
0.18	7.75E-03
0.181	1.40E-02
0.182	7.75E-03
0.183	1.40E-02
0.184	2.03E-02
0.185	2.03E-02
0.186	1.40E-02
0.187	1.40E-02
0.188	7.75E-03
0.189	1.50E-03
0.19	1.50E-03
0.191	1.50E-03
0.192	-1.10E-02
0.193	1.50E-03
0.194	-1.10E-02
0.195	-4.75E-03
0.196	-4.75E-03
0.197	-1.10E-02
0.198	-1.10E-02
0.199	-1.73E-02
0.2	-1.10E-02
0.201	-1.73E-02
0.202	-2.35E-02
0.203	-1.73E-02
0.204	-2.35E-02
0.205	-1.73E-02
0.206	-1.73E-02
0.207	-3.60E-02
0.208	-2.35E-02
0.209	-1.73E-02
0.21	-3.60E-02
0.211	-2.35E-02
0.212	-2.98E-02
0.213	-2.35E-02
0.214	-2.35E-02
0.215	-1.10E-02
0.216	-4.75E-03
0.217	-1.10E-02
0.218	1.50E-03
0.219	1.50E-03
0.22	1.50E-03
0.221	1.50E-03
0.222	-4.75E-03
0.223	1.50E-03
0.224	1.50E-03
0.225	-4.75E-03
0.226	-4.75E-03
0.227	1.50E-03
0.228	-1.10E-02
0.229	-4.75E-03
0.23	-4.75E-03
0.231	-4.75E-03
0.232	1.50E-03
0.233	-1.10E-02
0.234	-4.75E-03
0.235	-4.75E-03
0.236	-1.10E-02
0.237	1.40E-02
0.238	7.75E-03
0.239	-4.75E-03
0.24	7.75E-03
0.241	-4.75E-03
0.242	-4.75E-03
0.243	1.50E-03
0.244	-4.75E-03
0.245	1.50E-03
0.246	1.50E-03
0.247	-1.73E-02
0.248	7.75E-03
0.249	-1.10E-02
0.25	-4.75E-03
0.251	7.75E-03
0.252	-4.75E-03
0.253	1.40E-02
0.254	1.50E-03
0.255	-4.75E-03
0.256	-4.75E-03
0.257	-1.73E-02
0.258	-1.73E-02
0.259	-2.98E-02
0.26	-2.35E-02
0.261	-2.35E-02
0.262	-2.98E-02
0.263	-1.10E-02
0.264	-1.10E-02
0.265	-2.35E-02
0.266	1.50E-03
0.267	-1.73E-02
0.268	-1.73E-02
0.269	-1.73E-02
0.27	-1.10E-02
0.271	-4.75E-03
0.272	-4.75E-03
0.273	-4.75E-03
0.274	1.50E-03
0.275	-4.75E-03
0.276	-1.10E-02
0.277	1.50E-03
0.278	-4.75E-03
0.279	1.50E-03
0.28	1.50E-03
0.281	-4.75E-03
0.282	-1.10E-02
0.283	-1.10E-02
0.284	-4.75E-03
0.285	-1.10E-02
0.286	-1.10E-02
0.287	-1.10E-02
0.288	-1.10E-02
0.289	-1.10E-02
0.29	-4.75E-03
0.291	-4.75E-03
0.292	-1.10E-02
0.293	1.50E-03
0.294	-1.10E-02
0.295	-4.75E-03
0.296	-4.75E-03
0.297	-1.73E-02
0.298	-1.10E-02
0.299	-4.75E-03
0.3	-1.10E-02
0.301	1.50E-03
0.302	1.50E-03
0.303	-4.75E-03
0.304	-4.75E-03
0.305	1.50E-03
0.306	-4.75E-03
0.307	-1.73E-02
0.308	-4.75E-03
0.309	-4.75E-03
0.31	-4.75E-03
0.311	-4.75E-03
0.312	-4.75E-03
0.313	1.40E-02
0.314	-4.75E-03
0.315	7.75E-03
0.316	7.75E-03
0.317	-4.75E-03
0.318	1.50E-03
0.319	-4.75E-03
0.32	-1.10E-02
0.321	-1.10E-02
0.322	-1.73E-02
0.323	-1.10E-02
0.324	-1.73E-02
0.325	-1.10E-02
0.326	-2.35E-02
0.327	-2.35E-02
0.328	-2.35E-02
0.329	-4.85E-02
0.33	-4.23E-02
0.331	-5.48E-02
0.332	-6.73E-02
0.333	-4.85E-02
0.334	-5.48E-02
0.335	-6.73E-02
0.336	-5.48E-02
0.337	-4.85E-02
0.338	-2.98E-02
0.339	-3.60E-02
0.34	-2.35E-02
0.341	-4.75E-03
0.342	7.75E-03
0.343	2.03E-02
0.344	2.65E-02
0.345	3.28E-02
0.346	3.90E-02
0.347	5.15E-02
0.348	6.40E-02
0.349	5.15E-02
0.35	6.40E-02
0.351	7.03E-02
0.352	5.78E-02
0.353	5.15E-02
0.354	5.78E-02
0.355	5.78E-02
0.356	3.28E-02
0.357	1.40E-02
0.358	1.40E-02
0.359	1.50E-03
0.36	-4.75E-03
0.361	-2.98E-02
0.362	-2.98E-02
0.363	-3.60E-02
0.364	-6.10E-02
0.365	-5.48E-02
0.366	-6.10E-02
0.367	-5.48E-02
0.368	-6.10E-02
0.369	-9.85E-02
0.37	-7.35E-02
0.371	-7.35E-02
0.372	-6.73E-02
0.373	-2.98E-02
0.374	-3.60E-02
0.375	-2.35E-02
0.376	2.03E-02
0.377	-4.75E-03
0.378	1.40E-02
0.379	7.75E-03
0.38	-4.75E-03
0.381	-2.35E-02
0.382	-4.23E-02
0.383	-2.35E-02
0.384	-4.23E-02
0.385	-4.85E-02
0.386	-4.85E-02
0.387	-4.23E-02
0.388	-2.98E-02
0.389	-2.98E-02
0.39	-2.35E-02
0.391	-1.73E-02
0.392	-1.10E-02
0.393	1.50E-03
0.394	1.50E-03
0.395	7.75E-03
0.396	7.75E-03
0.397	2.65E-02
0.398	3.90E-02
0.399	2.65E-02
0.4	4.53E-02
0.401	5.15E-02
0.402	7.65E-02
0.403	7.03E-02
0.404	7.65E-02
0.405	8.28E-02
0.406	5.78E-02
0.407	5.78E-02
0.408	4.53E-02
0.409	3.28E-02
0.41	1.50E-03
0.411	-1.73E-02
0.412	-3.60E-02
0.413	-2.98E-02
0.414	-6.73E-02
0.415	-6.10E-02
0.416	-6.73E-02
0.417	-7.35E-02
0.418	-7.35E-02
0.419	-7.35E-02
0.42	-5.48E-02
0.421	-6.10E-02
0.422	-3.60E-02
0.423	-2.98E-02
0.424	-2.98E-02
0.425	-1.73E-02
0.426	-1.10E-02
0.427	-4.75E-03
0.428	-4.75E-03
0.429	1.50E-03
0.43	1.50E-03
0.431	1.50E-03
0.432	7.75E-03
0.433	7.75E-03
0.434	1.40E-02
0.435	1.40E-02
0.436	1.40E-02
0.437	1.40E-02
0.438	1.50E-03
0.439	1.50E-03
0.44	-4.75E-03
0.441	-1.10E-02
0.442	-1.10E-02
0.443	-2.35E-02
0.444	-1.73E-02
0.445	-2.35E-02
0.446	-2.98E-02
0.447	-1.73E-02
0.448	-1.73E-02
0.449	-1.73E-02
0.45	-1.73E-02
0.451	-2.35E-02
0.452	-1.73E-02
0.453	-2.35E-02
0.454	-1.10E-02
0.455	1.50E-03
0.456	-1.10E-02
0.457	-4.75E-03
0.458	7.75E-03
0.459	7.75E-03
0.46	7.75E-03
0.461	1.50E-03
0.462	2.65E-02
0.463	1.50E-03
0.464	1.40E-02
0.465	2.03E-02
0.466	1.50E-03
0.467	1.40E-02
0.468	7.75E-03
0.469	1.40E-02
0.47	7.75E-03
0.471	1.50E-03
0.472	1.40E-02
0.473	7.75E-03
0.474	-4.75E-03
0.475	-1.73E-02
0.476	-1.73E-02
0.477	-2.35E-02
0.478	-4.23E-02
0.479	-3.60E-02
0.48	-2.35E-02
0.481	-2.98E-02
0.482	-2.98E-02
0.483	-2.98E-02
0.484	-2.98E-02
0.485	-1.73E-02
0.486	-2.98E-02
0.487	-3.60E-02
0.488	-1.73E-02
0.489	-2.98E-02
0.49	-1.73E-02
0.491	-2.98E-02
0.492	-2.35E-02
0.493	-1.10E-02
0.494	-4.75E-03
0.495	-4.75E-03
0.496	-1.10E-02
0.497	1.50E-03
0.498	-4.75E-03
0.499	-4.75E-03
0.5	1.50E-03
0.501	1.50E-03
0.502	-1.10E-02
0.503	1.50E-03
0.504	1.50E-03
0.505	-4.75E-03
0.506	-4.75E-03
0.507	-4.75E-03
0.508	1.50E-03
0.509	1.50E-03
0.51	-4.75E-03
0.511	-4.75E-03
0.512	1.50E-03
0.513	-1.10E-02
0.514	1.50E-03
0.515	-4.75E-03
0.516	-1.10E-02
0.517	-1.10E-02
0.518	-1.73E-02
0.519	1.50E-03
0.52	-1.73E-02
0.521	-1.10E-02
0.522	1.50E-03
0.523	1.50E-03
0.524	-1.10E-02
0.525	-1.73E-02
0.526	-1.10E-02
0.527	-4.75E-03
0.528	-1.10E-02
0.529	-4.75E-03
0.53	-4.75E-03
0.531	-1.10E-02
0.532	-1.10E-02
0.533	-1.10E-02
0.534	-4.75E-03
0.535	-4.75E-03
0.536	-4.75E-03
0.537	7.75E-03
0.538	-1.10E-02
0.539	-1.73E-02
0.54	-4.75E-03
0.541	-2.35E-02
0.542	-1.10E-02
0.543	-4.75E-03
0.544	-1.10E-02
0.545	-2.35E-02
0.546	-2.35E-02
0.547	-2.35E-02
0.548	-4.75E-03
0.549	-1.10E-02
0.55	-2.35E-02
0.551	-4.75E-03
0.552	-1.10E-02
0.553	1.50E-03
0.554	1.50E-03
0.555	1.40E-02
0.556	1.50E-03
0.557	7.75E-03
0.558	7.75E-03
0.559	-4.75E-03
0.56	7.75E-03
0.561	7.75E-03
0.562	7.75E-03
0.563	1.40E-02
0.564	1.50E-03
0.565	7.75E-03
0.566	1.50E-03
0.567	-4.75E-03
0.568	-4.75E-03
0.569	-4.75E-03
0.57	-2.35E-02
0.571	-2.35E-02
0.572	-2.35E-02
0.573	-1.73E-02
0.574	-2.98E-02
0.575	-2.35E-02
0.576	-2.98E-02
0.577	-2.98E-02
0.578	-2.98E-02
0.579	-2.35E-02
0.58	-2.35E-02
0.581	-2.35E-02
0.582	-1.10E-02
0.583	-4.75E-03
0.584	1.50E-03
0.585	1.50E-03
0.586	-4.75E-03
0.587	-4.75E-03
0.588	-4.75E-03
0.589	7.75E-03
0.59	7.75E-03
0.591	1.50E-03
0.592	1.50E-03
0.593	1.50E-03
0.594	1.50E-03
0.595	-1.10E-02
0.596	-1.10E-02
0.597	-1.10E-02
0.598	-4.75E-03
0.599	-1.10E-02
0.6	1.50E-03
0.601	-4.75E-03
0.602	1.50E-03
0.603	-4.75E-03
0.604	1.50E-03
0.605	7.75E-03
0.606	-1.10E-02
0.607	7.75E-03
0.608	7.75E-03
0.609	-1.10E-02
0.61	-1.10E-02
0.611	-4.75E-03
0.612	-4.75E-03
0.613	-1.10E-02
0.614	-1.73E-02
0.615	1.50E-03
0.616	-1.10E-02
0.617	-1.10E-02
0.618	-1.10E-02
0.619	-1.10E-02
0.62	-4.75E-03
0.621	-1.10E-02
0.622	-1.10E-02
0.623	-4.75E-03
0.624	-1.10E-02
0.625	-4.75E-03
0.626	-1.10E-02
0.627	-4.75E-03
0.628	-1.73E-02
0.629	-1.10E-02
0.63	-1.73E-02
0.631	-2.98E-02
0.632	-1.73E-02
0.633	-1.73E-02
0.634	-2.35E-02
0.635	-1.73E-02
0.636	-1.73E-02
0.637	-2.35E-02
0.638	-2.98E-02
0.639	-1.73E-02
0.64	-1.73E-02
0.641	-1.73E-02
0.642	-1.73E-02
0.643	-1.10E-02
0.644	-1.10E-02
0.645	-2.35E-02
0.646	-4.75E-03
0.647	1.50E-03
0.648	-1.10E-02
0.649	-4.75E-03
0.65	7.75E-03
0.651	1.40E-02
0.652	7.75E-03
0.653	7.75E-03
0.654	2.03E-02
0.655	7.75E-03
0.656	1.50E-03
0.657	1.50E-03
0.658	1.50E-03
0.659	7.75E-03
0.66	-1.10E-02
0.661	7.75E-03
0.662	1.50E-03
0.663	-1.10E-02
0.664	1.50E-03
0.665	-4.75E-03
0.666	-4.75E-03
0.667	-1.10E-02
0.668	-4.75E-03
0.669	-4.75E-03
0.67	-1.73E-02
0.671	-4.75E-03
0.672	-4.75E-03
0.673	1.50E-03
0.674	-1.10E-02
0.675	-1.73E-02
0.676	-1.10E-02
0.677	-1.10E-02
0.678	1.50E-03
0.679	1.40E-02
0.68	1.40E-02
0.681	1.50E-03
0.682	2.03E-02
0.683	2.65E-02
0.684	1.40E-02
0.685	7.75E-03
0.686	1.40E-02
0.687	1.40E-02
0.688	1.50E-03
0.689	2.03E-02
0.69	6.40E-02
0.691	5.15E-02
0.692	-1.10E-02
0.693	-4.23E-02
0.694	-6.10E-02
0.695	-1.99E-01
0.696	-2.80E-01
0.697	-2.42E-01
0.698	-1.80E-01
0.699	-1.11E-01
0.7	-1.05E-01
0.701	-1.73E-02
0.702	1.50E-03
0.703	4.53E-02
0.704	1.02E-01
0.705	5.15E-02
0.706	-4.75E-03
0.707	-2.98E-02
0.708	-4.23E-02
0.709	-4.75E-03
0.71	-1.10E-02
0.711	8.90E-02
0.712	1.14E-01
0.713	1.14E-01
0.714	1.14E-01
0.715	1.02E-01
0.716	8.90E-02
0.717	5.15E-02
0.718	5.78E-02
0.719	2.65E-02
0.72	-1.73E-02
0.721	-1.10E-02
0.722	-3.60E-02
0.723	-6.10E-02
0.724	-5.48E-02
0.725	-6.10E-02
0.726	-6.10E-02
0.727	-6.10E-02
0.728	-7.35E-02
0.729	-4.85E-02
0.73	-3.60E-02
0.731	-1.10E-02
0.732	2.03E-02
0.733	2.65E-02
0.734	4.53E-02
0.735	5.15E-02
0.736	6.40E-02
0.737	5.15E-02
0.738	5.15E-02
0.739	4.53E-02
0.74	2.65E-02
0.741	1.40E-02
0.742	7.75E-03
0.743	7.75E-03
0.744	-4.75E-03
0.745	-1.10E-02
0.746	-4.75E-03
0.747	-1.10E-02
0.748	-4.75E-03
0.749	-1.73E-02
0.75	-1.10E-02
0.751	-1.10E-02
0.752	-1.73E-02
0.753	-2.98E-02
0.754	-1.73E-02
0.755	-5.48E-02
0.756	-6.10E-02
0.757	-6.10E-02
0.758	-6.73E-02
0.759	-8.60E-02
0.76	-7.98E-02
0.761	-7.98E-02
0.762	-9.23E-02
0.763	-6.73E-02
0.764	-6.73E-02
0.765	-6.73E-02
0.766	-5.48E-02
0.767	-5.48E-02
0.768	-2.35E-02
0.769	-1.73E-02
0.77	-1.73E-02
0.771	1.40E-02
0.772	1.40E-02
0.773	1.40E-02
0.774	2.03E-02
0.775	3.28E-02
0.776	3.28E-02
0.777	2.65E-02
0.778	3.90E-02
0.779	4.53E-02
0.78	3.28E-02
0.781	3.28E-02
0.782	3.28E-02
0.783	3.90E-02
0.784	3.28E-02
0.785	2.65E-02
0.786	2.03E-02
0.787	7.75E-03
0.788	7.75E-03
0.789	2.03E-02
0.79	1.50E-03
0.791	7.75E-03
0.792	1.50E-03
0.793	1.50E-03
0.794	1.50E-03
0.795	-2.35E-02
0.796	-1.10E-02
0.797	-4.75E-03
0.798	-1.73E-02
0.799	-2.35E-02
0.8	-2.35E-02
0.801	-2.35E-02
0.802	-2.98E-02
0.803	-1.73E-02
0.804	-1.73E-02
0.805	-1.73E-02
0.806	-1.10E-02
0.807	-1.10E-02
0.808	-4.75E-03
0.809	-4.75E-03
0.81	-4.75E-03
0.811	1.50E-03
0.812	7.75E-03
0.813	-4.75E-03
0.814	1.50E-03
0.815	1.50E-03
0.816	-4.75E-03
0.817	-1.10E-02
0.818	-1.73E-02
0.819	-1.73E-02
0.82	-2.35E-02
0.821	-2.35E-02
0.822	-2.98E-02
0.823	-1.73E-02
0.824	-2.35E-02
0.825	-2.35E-02
0.826	-2.35E-02
0.827	-2.35E-02
0.828	-2.35E-02
0.829	-2.35E-02
0.83	-2.35E-02
0.831	-2.35E-02
0.832	-2.35E-02
0.833	-1.10E-02
0.834	-1.73E-02
0.835	-1.73E-02
0.836	-1.10E-02
0.837	-4.75E-03
0.838	-4.75E-03
0.839	1.50E-03
0.84	1.50E-03
0.841	-4.75E-03
0.842	1.50E-03
0.843	1.50E-03
0.844	7.75E-03
0.845	1.50E-03
0.846	7.75E-03
0.847	1.40E-02
0.848	1.50E-03
0.849	1.50E-03
0.85	1.50E-03
0.851	1.50E-03
0.852	1.50E-03
0.853	-4.75E-03
0.854	-4.75E-03
0.855	1.50E-03
0.856	-4.75E-03
0.857	1.50E-03
0.858	-4.75E-03
0.859	-1.10E-02
0.86	-4.75E-03
0.861	-4.75E-03
0.862	-1.10E-02
0.863	-1.73E-02
0.864	-1.73E-02
0.865	-1.10E-02
0.866	-2.35E-02
0.867	-2.35E-02
0.868	-1.10E-02
0.869	-1.73E-02
0.87	-2.35E-02
0.871	-1.73E-02
0.872	-4.75E-03
0.873	-4.75E-03
0.874	-1.10E-02
0.875	-4.75E-03
0.876	1.50E-03
0.877	-1.10E-02
0.878	1.50E-03
0.879	1.50E-03
0.88	-4.75E-03
0.881	1.50E-03
0.882	1.50E-03
0.883	7.75E-03
0.884	1.50E-03
0.885	1.50E-03
0.886	1.50E-03
0.887	7.75E-03
0.888	1.50E-03
0.889	1.50E-03
0.89	1.50E-03
0.891	1.50E-03
0.892	-4.75E-03
0.893	-4.75E-03
0.894	-1.10E-02
0.895	-2.35E-02
0.896	-1.10E-02
0.897	-2.35E-02
0.898	-2.35E-02
0.899	-2.98E-02
0.9	-2.98E-02
0.901	-2.98E-02
0.902	-3.60E-02
0.903	-3.60E-02
0.904	-3.60E-02
0.905	-3.60E-02
0.906	-2.98E-02
0.907	-2.35E-02
0.908	-1.73E-02
0.909	-1.73E-02
0.91	-1.73E-02
0.911	1.50E-03
0.912	-4.75E-03
0.913	1.50E-03
0.914	1.40E-02
0.915	1.40E-02
0.916	1.40E-02
0.917	1.50E-03
0.918	7.75E-03
0.919	-4.75E-03
0.92	-1.73E-02
0.921	-1.73E-02
0.922	-1.73E-02
0.923	-1.10E-02
0.924	-1.73E-02
0.925	-1.10E-02
0.926	-4.75E-03
0.927	-1.10E-02
0.928	7.75E-03
0.929	7.75E-03
0.93	1.50E-03
0.931	7.75E-03
0.932	1.40E-02
0.933	7.75E-03
0.934	7.75E-03
0.935	7.75E-03
0.936	1.40E-02
0.937	1.50E-03
0.938	1.50E-03
0.939	7.75E-03
0.94	-4.75E-03
0.941	-1.73E-02
0.942	-1.73E-02
0.943	-2.35E-02
0.944	-2.35E-02
0.945	-2.35E-02
0.946	-2.35E-02
0.947	-1.73E-02
0.948	-2.35E-02
0.949	-2.98E-02
0.95	-2.35E-02
0.951	-1.73E-02
0.952	-2.35E-02
0.953	-4.75E-03
0.954	-4.75E-03
0.955	-4.75E-03
0.956	-1.10E-02
0.957	-4.75E-03
0.958	7.75E-03
0.959	1.50E-03
0.96	1.40E-02
0.961	2.03E-02
0.962	7.75E-03
0.963	7.75E-03
0.964	7.75E-03
0.965	-4.75E-03
0.966	-4.75E-03
0.967	-1.73E-02
0.968	-1.10E-02
0.969	-3.60E-02
0.97	-2.98E-02
0.971	-1.73E-02
0.972	-2.35E-02
0.973	-2.98E-02
0.974	-2.98E-02
0.975	-3.60E-02
0.976	-2.98E-02
0.977	-3.60E-02
0.978	-1.73E-02
0.979	-1.10E-02
0.98	-4.75E-03
0.981	7.75E-03
0.982	7.75E-03
0.983	2.03E-02
0.984	1.40E-02
0.985	7.75E-03
0.986	1.40E-02
0.987	7.75E-03
0.988	-4.75E-03
0.989	1.50E-03
0.99	-4.75E-03
0.991	-4.75E-03
0.992	-4.75E-03
0.993	1.50E-03
0.994	-4.75E-03
0.995	-4.75E-03
0.996	1.50E-03
0.997	1.50E-03
0.998	-4.75E-03
0.999	7.75E-03
1	1.50E-03
1.001	1.50E-03
1.002	1.50E-03
1.003	-4.75E-03
1.004	-4.75E-03
1.005	1.50E-03
1.006	-4.75E-03
1.007	7.75E-03
1.008	7.75E-03
1.009	-4.75E-03
1.01	-1.10E-02
1.011	1.50E-03
1.012	-4.75E-03
1.013	-1.10E-02
1.014	-4.75E-03
1.015	-1.10E-02
1.016	-1.10E-02
1.017	-2.35E-02
1.018	-4.75E-03
1.019	-2.35E-02
1.02	-2.98E-02
1.021	-1.73E-02
1.022	-2.98E-02
1.023	-1.73E-02
1.024	-2.98E-02
1.025	-2.35E-02
1.026	-2.98E-02
1.027	-2.35E-02
1.028	-1.10E-02
1.029	-1.10E-02
1.03	-1.10E-02
1.031	-1.73E-02
1.032	-4.75E-03
1.033	-4.75E-03
1.034	-1.73E-02
1.035	-4.75E-03
1.036	-4.75E-03
1.037	-4.75E-03
1.038	-1.73E-02
1.039	-2.35E-02
1.04	-1.73E-02
1.041	-1.73E-02
1.042	-4.75E-03
1.043	-4.75E-03
1.044	-1.10E-02
1.045	-4.75E-03
1.046	-1.10E-02
1.047	-4.75E-03
1.048	-1.10E-02
1.049	-1.10E-02
1.05	-1.10E-02
1.051	1.50E-03
1.052	-1.10E-02
1.053	1.50E-03
1.054	-4.75E-03
1.055	-1.10E-02
1.056	1.50E-03
1.057	-4.75E-03
1.058	1.50E-03
1.059	-4.75E-03
1.06	1.50E-03
1.061	1.40E-02
1.062	7.75E-03
1.063	1.40E-02
1.064	1.50E-03
1.065	7.75E-03
1.066	1.40E-02
1.067	7.75E-03
1.068	2.03E-02
1.069	7.75E-03
1.07	7.75E-03
1.071	1.50E-03
1.072	7.75E-03
1.073	7.75E-03
1.074	7.75E-03
1.075	-4.75E-03
1.076	-4.75E-03
1.077	1.50E-03
1.078	-1.10E-02
1.079	-2.35E-02
1.08	-2.35E-02
1.081	-2.35E-02
1.082	-1.10E-02
1.083	1.50E-03
1.084	-1.73E-02
1.085	-1.73E-02
1.086	-1.73E-02
1.087	-2.35E-02
1.088	-3.60E-02
1.089	-2.35E-02
1.09	-3.60E-02
1.091	-3.60E-02
1.092	-2.98E-02
1.093	-3.60E-02
1.094	-2.98E-02
1.095	-2.35E-02
1.096	-1.73E-02
1.097	-1.10E-02
1.098	-4.75E-03
1.099	-1.73E-02
1.1	-1.10E-02
1.101	-1.10E-02
1.102	-1.10E-02
1.103	-1.10E-02
1.104	-1.10E-02
1.105	-1.73E-02
1.106	-2.35E-02
1.107	-1.10E-02
1.108	-1.73E-02
1.109	-2.35E-02
1.11	-1.10E-02
1.111	-4.75E-03
1.112	1.50E-03
1.113	-4.75E-03
1.114	-4.75E-03
1.115	-4.75E-03
1.116	-2.35E-02
1.117	1.40E-02
1.118	-4.75E-03
1.119	-1.10E-02
1.12	1.50E-03
1.121	-4.75E-03
1.122	1.50E-03
1.123	1.50E-03
1.124	-4.75E-03
1.125	1.40E-02
1.126	-1.10E-02
1.127	-1.10E-02
1.128	7.75E-03
1.129	1.50E-03
1.13	1.40E-02
1.131	7.75E-03
1.132	1.50E-03
1.133	-1.10E-02
1.134	-1.10E-02
1.135	1.50E-03
1.136	7.75E-03
1.137	-1.73E-02
1.138	-1.10E-02
1.139	-2.98E-02
1.14	-1.10E-02
1.141	-1.10E-02
1.142	-1.73E-02
1.143	-1.10E-02
1.144	-1.73E-02
1.145	-1.10E-02
1.146	-4.75E-03
1.147	-1.10E-02
1.148	-4.75E-03
1.149	1.50E-03
1.15	1.40E-02
1.151	7.75E-03
1.152	1.50E-03
1.153	1.50E-03
1.154	1.50E-03
1.155	1.40E-02
1.156	7.75E-03
1.157	-4.75E-03
1.158	-4.75E-03
1.159	1.50E-03
1.16	1.50E-03
1.161	1.50E-03
1.162	-1.10E-02
1.163	1.50E-03
1.164	-1.10E-02
1.165	-2.35E-02
1.166	-1.73E-02
1.167	-1.10E-02
1.168	-1.10E-02
1.169	-1.10E-02
1.17	-1.10E-02
1.171	-4.75E-03
1.172	-4.75E-03
1.173	-2.35E-02
1.174	-2.98E-02
1.175	-2.35E-02
1.176	-2.98E-02
1.177	-2.35E-02
1.178	-3.60E-02
1.179	-4.85E-02
1.18	-2.98E-02
1.181	-2.35E-02
1.182	-1.73E-02
1.183	-2.98E-02
1.184	-3.60E-02
1.185	-1.10E-02
1.186	-1.10E-02
1.187	-4.75E-03
1.188	-1.10E-02
1.189	-1.10E-02
1.19	-1.73E-02
1.191	-2.35E-02
1.192	1.50E-03
1.193	-4.75E-03
1.194	7.75E-03
1.195	2.03E-02
1.196	7.75E-03
1.197	7.75E-03
1.198	1.40E-02
1.199	2.65E-02
1.2	2.03E-02
1.201	-4.75E-03
1.202	1.40E-02
1.203	1.40E-02
1.204	1.50E-03
1.205	1.50E-03
1.206	1.50E-03
1.207	1.50E-03
1.208	1.50E-03
1.209	-1.10E-02
1.21	1.50E-03
1.211	-1.10E-02
1.212	-1.73E-02
1.213	-2.35E-02
1.214	-1.10E-02
1.215	-1.10E-02
1.216	-3.60E-02
1.217	-4.75E-03
1.218	1.50E-03
1.219	-4.75E-03
1.22	-4.75E-03
1.221	-1.10E-02
1.222	1.50E-03
1.223	-4.75E-03
1.224	-1.73E-02
1.225	1.50E-03
1.226	-1.73E-02
1.227	-1.73E-02
1.228	-2.35E-02
1.229	-2.35E-02
1.23	-1.73E-02
1.231	-1.10E-02
1.232	1.50E-03
1.233	-4.75E-03
1.234	-1.10E-02
1.235	-4.75E-03
1.236	-4.75E-03
1.237	7.75E-03
1.238	1.50E-03
1.239	1.50E-03
1.24	-4.75E-03
1.241	-1.73E-02
1.242	-1.73E-02
1.243	-1.73E-02
1.244	-4.75E-03
1.245	-4.75E-03
1.246	-4.75E-03
1.247	1.50E-03
1.248	-1.73E-02
1.249	-1.10E-02
1.25	-4.75E-03
1.251	-4.75E-03
1.252	7.75E-03
1.253	7.75E-03
1.254	-4.75E-03
1.255	-1.73E-02
1.256	-4.75E-03
1.257	1.50E-03
1.258	-4.75E-03
1.259	1.50E-03
1.26	7.75E-03
1.261	-1.73E-02
1.262	-1.10E-02
1.263	-1.10E-02
1.264	-1.10E-02
1.265	-2.35E-02
1.266	-1.73E-02
1.267	-4.75E-03
1.268	-1.73E-02
1.269	-1.10E-02
1.27	-1.10E-02
1.271	-2.35E-02
1.272	-4.75E-03
1.273	-2.98E-02
1.274	-2.35E-02
1.275	-2.35E-02
1.276	-2.35E-02
1.277	-2.35E-02
1.278	-2.98E-02
1.279	-2.35E-02
1.28	-2.35E-02
1.281	-1.10E-02
1.282	1.50E-03
1.283	-4.75E-03
1.284	-4.75E-03
1.285	-4.75E-03
1.286	1.50E-03
1.287	-4.75E-03
1.288	1.50E-03
1.289	2.03E-02
1.29	1.50E-03
1.291	1.50E-03
1.292	1.40E-02
1.293	7.75E-03
1.294	-4.75E-03
1.295	1.50E-03
1.296	1.40E-02
1.297	1.40E-02
1.298	-1.10E-02
1.299	1.40E-02
1.3	-1.10E-02
1.301	1.50E-03
1.302	1.50E-03
1.303	1.50E-03
1.304	1.50E-03
1.305	-1.10E-02
1.306	1.50E-03
1.307	7.75E-03
1.308	-1.10E-02
1.309	-1.10E-02
1.31	-1.10E-02
1.311	-2.35E-02
1.312	-2.35E-02
1.313	-2.98E-02
1.314	-2.35E-02
1.315	-3.60E-02
1.316	-4.85E-02
1.317	-2.35E-02
1.318	-4.23E-02
1.319	-3.60E-02
1.32	-2.35E-02
1.321	-1.73E-02
1.322	-1.10E-02
1.323	-1.73E-02
1.324	-1.10E-02
1.325	-1.10E-02
1.326	-4.75E-03
1.327	7.75E-03
1.328	7.75E-03
1.329	7.75E-03
1.33	-4.75E-03
1.331	-4.75E-03
1.332	7.75E-03
1.333	1.50E-03
1.334	7.75E-03
1.335	7.75E-03
1.336	-4.75E-03
1.337	1.50E-03
1.338	-1.10E-02
1.339	-1.10E-02
1.34	-1.10E-02
1.341	-2.35E-02
1.342	-1.10E-02
1.343	-1.10E-02
1.344	-4.75E-03
1.345	-1.10E-02
1.346	-4.75E-03
1.347	-2.35E-02
1.348	-1.73E-02
1.349	-1.10E-02
1.35	-1.10E-02
1.351	-1.10E-02
1.352	1.50E-03
1.353	1.50E-03
1.354	-4.75E-03
1.355	7.75E-03
1.356	1.40E-02
1.357	7.75E-03
1.358	2.03E-02
1.359	7.75E-03
1.36	-4.75E-03
1.361	1.50E-03
1.362	1.50E-03
1.363	-2.98E-02
1.364	1.50E-03
1.365	-3.60E-02
1.366	1.50E-03
1.367	1.50E-03
1.368	-1.73E-02
1.369	1.40E-02
1.37	-4.75E-03
1.371	7.75E-03
1.372	7.75E-03
1.373	-4.75E-03
1.374	-4.75E-03
1.375	7.75E-03
1.376	1.40E-02
1.377	1.40E-02
1.378	1.40E-02
1.379	1.50E-03
1.38	-4.75E-03
1.381	-4.75E-03
1.382	-1.10E-02
1.383	-1.73E-02
1.384	-1.73E-02
1.385	-4.23E-02
1.386	-3.60E-02
1.387	-6.10E-02
1.388	-4.23E-02
1.389	-1.73E-02
1.39	-5.48E-02
1.391	-2.98E-02
1.392	-2.98E-02
1.393	-3.60E-02
1.394	-4.23E-02
1.395	-3.60E-02
1.396	-1.73E-02
1.397	-2.98E-02
1.398	1.50E-03
1.399	7.75E-03
1.4	7.75E-03
1.401	2.03E-02
1.402	2.65E-02
1.403	4.53E-02
1.404	4.53E-02
1.405	5.15E-02
1.406	5.15E-02
1.407	2.03E-02
1.408	1.50E-03
1.409	1.40E-02
1.41	2.03E-02
1.411	-1.73E-02
1.412	-1.10E-02
1.413	-1.73E-02
1.414	-2.35E-02
1.415	-2.98E-02
1.416	-2.35E-02
1.417	-2.98E-02
1.418	-3.60E-02
1.419	-3.60E-02
1.42	-3.60E-02
1.421	-3.60E-02
1.422	-3.60E-02
1.423	-2.98E-02
1.424	-3.60E-02
1.425	-3.60E-02
1.426	-3.60E-02
1.427	-3.60E-02
1.428	-2.98E-02
1.429	-2.35E-02
1.43	-2.98E-02
1.431	-1.73E-02
1.432	-1.10E-02
1.433	-1.10E-02
1.434	-1.73E-02
1.435	-1.10E-02
1.436	-1.73E-02
1.437	-1.10E-02
1.438	1.40E-02
1.439	5.15E-02
1.44	1.40E-02
1.441	3.90E-02
1.442	2.65E-02
1.443	1.50E-03
1.444	-4.75E-03
1.445	-1.73E-02
1.446	-1.10E-02
1.447	-4.75E-03
1.448	-1.10E-02
1.449	1.50E-03
1.45	7.75E-03
1.451	7.75E-03
1.452	2.65E-02
1.453	2.65E-02
1.454	3.90E-02
1.455	3.28E-02
1.456	3.28E-02
1.457	4.53E-02
1.458	3.28E-02
1.459	2.65E-02
1.46	2.65E-02
1.461	-4.75E-03
1.462	-1.10E-02
1.463	-2.35E-02
1.464	-1.73E-02
1.465	-1.73E-02
1.466	-1.73E-02
1.467	-1.10E-02
1.468	-2.98E-02
1.469	-4.23E-02
1.47	-4.85E-02
1.471	-6.10E-02
1.472	-6.73E-02
1.473	-8.60E-02
1.474	-9.23E-02
1.475	-9.85E-02
1.476	-9.85E-02
1.477	-8.60E-02
1.478	-7.98E-02
1.479	-6.73E-02
1.48	-4.23E-02
1.481	-2.98E-02
1.482	-1.10E-02
1.483	1.50E-03
1.484	1.40E-02
1.485	2.65E-02
1.486	3.90E-02
1.487	3.28E-02
1.488	3.90E-02
1.489	4.53E-02
1.49	3.28E-02
1.491	4.53E-02
1.492	3.90E-02
1.493	2.65E-02
1.494	3.90E-02
1.495	4.53E-02
1.496	2.03E-02
1.497	7.75E-03
1.498	1.40E-02
1.499	7.75E-03
1.5	-1.10E-02
1.501	1.50E-03
1.502	1.50E-03
1.503	-1.10E-02
1.504	-1.10E-02
1.505	-4.75E-03
1.506	-4.75E-03
1.507	-4.75E-03
1.508	1.50E-03
1.509	1.50E-03
1.51	-1.73E-02
1.511	-1.10E-02
1.512	-1.73E-02
1.513	-1.73E-02
1.514	-2.35E-02
1.515	-1.73E-02
1.516	-1.10E-02
1.517	-4.75E-03
1.518	-1.73E-02
1.519	-1.73E-02
1.52	-1.73E-02
1.521	-2.35E-02
1.522	-1.10E-02
1.523	-1.73E-02
1.524	-1.10E-02
1.525	-2.35E-02
1.526	-1.73E-02
1.527	-2.35E-02
1.528	-2.98E-02
1.529	-2.35E-02
1.53	-1.73E-02
1.531	-1.73E-02
1.532	-1.73E-02
1.533	-2.98E-02
1.534	-2.98E-02
1.535	-3.60E-02
1.536	-3.60E-02
1.537	-2.98E-02
1.538	-2.98E-02
1.539	-1.10E-02
1.54	1.50E-03
1.541	7.75E-03
1.542	1.50E-03
1.543	-4.75E-03
1.544	7.75E-03
1.545	1.50E-03
1.546	1.50E-03
1.547	1.40E-02
1.548	1.40E-02
1.549	2.03E-02
1.55	1.40E-02
1.551	7.75E-03
1.552	1.40E-02
1.553	1.50E-03
1.554	-4.75E-03
1.555	-1.10E-02
1.556	1.50E-03
1.557	-4.75E-03
1.558	1.50E-03
1.559	-4.75E-03
1.56	1.50E-03
1.561	-4.75E-03
1.562	-1.10E-02
1.563	7.75E-03
1.564	7.75E-03
1.565	-1.10E-02
1.566	-1.10E-02
1.567	-1.10E-02
1.568	-1.73E-02
1.569	-1.10E-02
1.57	-4.75E-03
1.571	-1.10E-02
1.572	-1.10E-02
1.573	-2.35E-02
1.574	-1.10E-02
1.575	-1.10E-02
1.576	-1.73E-02
1.577	1.50E-03
1.578	-1.73E-02
1.579	1.40E-02
1.58	-4.75E-03
1.581	-1.10E-02
1.582	-1.10E-02
1.583	-4.23E-02
1.584	-1.10E-02
1.585	3.90E-02
1.586	7.75E-03
1.587	-1.10E-02
1.588	1.40E-02
1.589	-2.98E-02
1.59	-2.98E-02
1.591	-1.73E-02
1.592	-5.48E-02
1.593	1.50E-03
1.594	-4.23E-02
1.595	-3.60E-02
1.596	-2.98E-02
1.597	-3.60E-02
1.598	1.50E-03
1.599	-4.75E-03
1.6	-4.75E-03
1.601	-4.75E-03
1.602	-4.75E-03
1.603	-4.75E-03
1.604	-1.10E-02
1.605	-4.75E-03
1.606	1.50E-03
1.607	1.50E-03
1.608	1.40E-02
1.609	2.03E-02
1.61	1.40E-02
1.611	2.65E-02
1.612	2.03E-02
1.613	1.40E-02
1.614	2.65E-02
1.615	1.40E-02
1.616	7.75E-03
1.617	1.50E-03
1.618	7.75E-03
1.619	7.75E-03
1.62	1.50E-03
1.621	-4.75E-03
1.622	-2.98E-02
1.623	-2.98E-02
1.624	-2.98E-02
1.625	-2.98E-02
1.626	-2.35E-02
1.627	-1.73E-02
1.628	-1.73E-02
1.629	-1.73E-02
1.63	-2.35E-02
1.631	-1.10E-02
1.632	-4.75E-03
1.633	-1.10E-02
1.634	1.50E-03
1.635	-1.10E-02
1.636	-1.10E-02
1.637	-1.10E-02
1.638	-1.73E-02
1.639	-1.10E-02
1.64	-4.75E-03
1.641	1.50E-03
1.642	-1.73E-02
1.643	-1.73E-02
1.644	-2.35E-02
1.645	-2.35E-02
1.646	-1.73E-02
1.647	-1.73E-02
1.648	-4.75E-03
1.649	-1.73E-02
1.65	-1.73E-02
1.651	-1.10E-02
1.652	-4.75E-03
1.653	-4.75E-03
1.654	-1.10E-02
1.655	-1.10E-02
1.656	-1.10E-02
1.657	-1.10E-02
1.658	-1.73E-02
1.659	-1.73E-02
1.66	-1.10E-02
1.661	1.50E-03
1.662	1.50E-03
1.663	1.50E-03
1.664	-4.75E-03
1.665	-1.10E-02
1.666	7.75E-03
1.667	1.50E-03
1.668	1.50E-03
1.669	2.65E-02
1.67	7.75E-03
1.671	2.65E-02
1.672	1.40E-02
1.673	2.03E-02
1.674	7.75E-03
1.675	1.50E-03
1.676	2.03E-02
1.677	-4.75E-03
1.678	-4.75E-03
1.679	1.50E-03
1.68	-4.75E-03
1.681	1.50E-03
1.682	1.50E-03
1.683	-4.75E-03
1.684	-2.35E-02
1.685	-1.73E-02
1.686	-1.10E-02
1.687	-2.98E-02
1.688	-2.35E-02
1.689	-1.10E-02
1.69	-2.35E-02
1.691	-1.73E-02
1.692	-2.35E-02
1.693	-2.35E-02
1.694	-2.98E-02
1.695	-2.35E-02
1.696	-2.98E-02
1.697	-4.85E-02
1.698	-3.60E-02
1.699	-4.23E-02
1.7	-2.35E-02
1.701	-2.35E-02
1.702	-2.98E-02
1.703	-1.10E-02
1.704	-2.35E-02
1.705	-4.75E-03
1.706	-1.10E-02
1.707	-1.10E-02
1.708	1.40E-02
1.709	7.75E-03
1.71	-1.10E-02
1.711	7.75E-03
1.712	1.50E-03
1.713	1.40E-02
1.714	7.75E-03
1.715	1.50E-03
1.716	7.75E-03
1.717	1.40E-02
1.718	7.75E-03
1.719	1.50E-03
1.72	-1.10E-02
1.721	7.75E-03
1.722	1.40E-02
1.723	2.03E-02
1.724	7.75E-03
1.725	1.50E-03
1.726	7.75E-03
1.727	1.50E-03
1.728	1.50E-03
1.729	7.75E-03
1.73	7.75E-03
1.731	7.75E-03
1.732	-1.10E-02
1.733	1.50E-03
1.734	-4.75E-03
1.735	-4.75E-03
1.736	-4.75E-03
1.737	-1.10E-02
1.738	1.50E-03
1.739	-4.75E-03
1.74	-4.75E-03
1.741	-1.10E-02
1.742	-1.73E-02
1.743	1.50E-03
1.744	-1.10E-02
1.745	-1.10E-02
1.746	-1.10E-02
1.747	-1.10E-02
1.748	1.40E-02
1.749	3.90E-02
1.75	4.53E-02
1.751	-1.10E-02
1.752	-2.35E-02
1.753	-8.60E-02
1.754	-1.67E-01
1.755	-2.55E-01
1.756	-2.24E-01
1.757	-1.92E-01
1.758	-7.98E-02
1.759	-2.98E-02
1.76	-2.98E-02
1.761	4.53E-02
1.762	7.03E-02
1.763	7.03E-02
1.764	7.75E-03
1.765	-2.35E-02
1.766	-3.60E-02
1.767	-1.73E-02
1.768	-4.75E-03
1.769	2.65E-02
1.77	7.03E-02
1.771	1.08E-01
1.772	1.14E-01
1.773	1.08E-01
1.774	8.28E-02
1.775	8.90E-02
1.776	7.65E-02
1.777	7.03E-02
1.778	5.15E-02
1.779	-4.75E-03
1.78	-2.35E-02
1.781	-4.85E-02
1.782	-6.10E-02
1.783	-5.48E-02
1.784	-6.10E-02
1.785	-5.48E-02
1.786	-4.85E-02
1.787	-3.60E-02
1.788	1.50E-03
1.789	1.50E-03
1.79	2.65E-02
1.791	3.90E-02
1.792	5.15E-02
1.793	5.15E-02
1.794	4.53E-02
1.795	4.53E-02
1.796	3.90E-02
1.797	3.28E-02
1.798	1.40E-02
1.799	7.75E-03
1.8	1.50E-03
1.801	1.50E-03
1.802	-2.98E-02
1.803	-4.85E-02
1.804	-7.35E-02
1.805	-8.60E-02
1.806	-8.60E-02
1.807	-9.23E-02
1.808	-9.23E-02
1.809	-1.05E-01
1.81	-1.05E-01
1.811	-1.11E-01
1.812	-9.23E-02
1.813	-9.23E-02
1.814	-7.98E-02
1.815	-6.73E-02
1.816	-4.85E-02
1.817	-4.85E-02
1.818	-2.35E-02
1.819	-4.75E-03
1.82	1.50E-03
1.821	7.75E-03
1.822	1.40E-02
1.823	2.65E-02
1.824	3.28E-02
1.825	3.90E-02
1.826	3.28E-02
1.827	4.53E-02
1.828	4.53E-02
1.829	4.53E-02
1.83	5.15E-02
1.831	3.90E-02
1.832	4.53E-02
1.833	5.15E-02
1.834	3.90E-02
1.835	4.53E-02
1.836	3.28E-02
1.837	3.90E-02
1.838	2.65E-02
1.839	2.03E-02
1.84	2.03E-02
1.841	1.40E-02
1.842	-4.75E-03
1.843	7.75E-03
1.844	-1.10E-02
1.845	-4.75E-03
1.846	-1.10E-02
1.847	-1.73E-02
1.848	-1.73E-02
1.849	-2.98E-02
1.85	-2.98E-02
1.851	-2.98E-02
1.852	-3.60E-02
1.853	-2.98E-02
1.854	-2.98E-02
1.855	-2.98E-02
1.856	-4.23E-02
1.857	-3.60E-02
1.858	-3.60E-02
1.859	-3.60E-02
1.86	-2.35E-02
1.861	-1.73E-02
1.862	-2.35E-02
1.863	-1.73E-02
1.864	-1.10E-02
1.865	-4.75E-03
1.866	-1.73E-02
1.867	1.50E-03
1.868	7.75E-03
1.869	-4.75E-03
1.87	1.40E-02
1.871	7.75E-03
1.872	1.40E-02
1.873	1.50E-03
1.874	7.75E-03
1.875	7.75E-03
1.876	1.50E-03
1.877	-4.75E-03
1.878	-4.75E-03
1.879	-1.10E-02
1.88	-2.35E-02
1.881	-2.98E-02
1.882	-2.35E-02
1.883	-2.35E-02
1.884	-2.35E-02
1.885	-2.35E-02
1.886	-1.73E-02
1.887	-2.35E-02
1.888	-1.73E-02
1.889	-1.10E-02
1.89	-4.75E-03
1.891	-4.75E-03
1.892	-4.75E-03
1.893	1.50E-03
1.894	7.75E-03
1.895	7.75E-03
1.896	1.40E-02
1.897	7.75E-03
1.898	-4.75E-03
1.899	1.50E-03
1.9	1.50E-03
1.901	-1.10E-02
1.902	-4.75E-03
1.903	-1.10E-02
1.904	-1.73E-02
1.905	-1.10E-02
1.906	-1.73E-02
1.907	-1.73E-02
1.908	-4.75E-03
1.909	-1.10E-02
1.91	-4.75E-03
1.911	-4.75E-03
1.912	-4.75E-03
1.913	1.50E-03
1.914	-4.75E-03
1.915	-4.75E-03
1.916	-1.10E-02
1.917	-1.73E-02
1.918	-1.10E-02
1.919	-1.73E-02
1.92	-1.10E-02
1.921	-1.10E-02
1.922	-1.10E-02
1.923	-1.73E-02
1.924	-1.73E-02
1.925	-4.75E-03
1.926	-4.75E-03
1.927	-4.75E-03
1.928	-4.75E-03
1.929	-4.75E-03
1.93	-1.10E-02
1.931	-1.10E-02
1.932	1.50E-03
1.933	-4.75E-03
1.934	1.50E-03
1.935	7.75E-03
1.936	-4.75E-03
1.937	1.50E-03
1.938	-1.10E-02
1.939	-1.10E-02
1.94	-1.10E-02
1.941	-4.75E-03
1.942	-1.10E-02
1.943	-4.75E-03
1.944	-4.75E-03
1.945	-4.75E-03
1.946	1.50E-03
1.947	1.50E-03
1.948	-4.75E-03
1.949	-4.75E-03
1.95	1.50E-03
1.951	-4.75E-03
1.952	-4.75E-03
1.953	-4.75E-03
1.954	1.50E-03
1.955	-1.10E-02
1.956	1.50E-03
1.957	1.50E-03
1.958	1.50E-03
1.959	-1.10E-02
1.96	-4.75E-03
1.961	-2.35E-02
1.962	-1.73E-02
1.963	-1.10E-02
1.964	-1.10E-02
1.965	-1.73E-02
1.966	-1.10E-02
1.967	-2.35E-02
1.968	-2.35E-02
1.969	-2.35E-02
1.97	-2.98E-02
1.971	-2.98E-02
1.972	-3.60E-02
1.973	-2.98E-02
1.974	-2.35E-02
1.975	-1.73E-02
1.976	-2.98E-02
1.977	-1.10E-02
1.978	-4.75E-03
1.979	-4.75E-03
1.98	-1.73E-02
1.981	1.50E-03
1.982	7.75E-03
1.983	7.75E-03
1.984	7.75E-03
1.985	1.40E-02
1.986	1.40E-02
1.987	1.40E-02
1.988	1.50E-03
1.989	-4.75E-03
1.99	1.50E-03
1.991	-1.10E-02
1.992	-1.10E-02
1.993	-1.10E-02
1.994	-2.35E-02
1.995	-1.73E-02
1.996	-2.35E-02
1.997	-1.73E-02
1.998	-1.73E-02
1.999	-1.73E-02
