-9.22412695831821E-0001  1.00472258988339E+0000 
 8.15731175873698E-0001 -1.89814691020954E-0001 
-2.28934234046834E-0001 -6.45972095084196E-0001 
 7.90320572407371E-0001  1.96795342038267E-0001 
-1.69993847732797E-0001 -3.91833073780573E-0001 
 1.90137663918421E+0000  4.72050503803514E-0001 
-1.32117242821205E+0000 -7.19851269855080E-0001 
-9.95677458172688E-0001  1.75914565886939E+0000 
 1.21328782799506E+0000
 1.21328782799506E+0000
-5.05153258891651E-0001
-5.05153258891651E-0001
-7.58149027029565E-0001
-7.58149027029565E-0001
-7.58149027029565E-0001
-7.58149027029565E-0001
