-1.36495028595785E-0001  1.48715306404719E+0000 
-1.40344258351221E-0001  2.24930558789495E+0000 
 1.95175458395612E+0000 -2.87231674089402E-0001 
 2.56075771651315E-0001 -1.33712890290754E+0000 
-1.23796052048139E+0000 -1.32460309509094E+0000 
 7.41047583975092E-0001  1.91817126388177E+0000 
 8.46323629412655E-0001  2.08707850659972E+0000 
 9.28310446635377E-0001 -7.23066610779614E-0001 
 1.19160507315616E+0000
 1.19160507315616E+0000
 1.19160507315616E+0000
 1.19160507315616E+0000
 4.72408897289054E-0001
 4.72408897289054E-0001
 4.72408897289054E-0001
 1.11096500671159E+0000
