 1.46139866359499E-0001  2.04049516748700E+0000 -2.50132955716710E-0001  1.93020155311002E-0002 -2.04516923187316E+0000 -8.42490428682957E-0001  1.50378537790902E-0001  1.83812506316683E+0000 
-1.74467236278129E+0000 -3.45442876083952E-0001  9.74330888560775E-0001 -2.34778769274846E-0001 -5.97920685887260E-0001 -1.16109103504325E+0000 -5.27613493619181E-0001  1.30575677744615E+0000 
-1.62501088079962E-0001  1.26717320658007E-0001 -7.15784722987422E-0001  2.31211309435763E-0001 -9.93065622733202E-0001 -4.04367615104764E-0002 -3.27191193740144E-0001  2.25450498161333E-0001 
 7.65776348808966E-0001 -5.37326806520450E-0001  4.42661448466063E-0001 -4.20314175036053E-0002  7.21286315823060E-0001 -1.20245395699672E+0000  1.28053213165458E+0000 -7.68885959086698E-0001 
-7.65770345410789E-0001 -6.18860919451029E-0001  5.87419288242018E-0001 -1.49091209105481E+0000  9.71968030723954E-0001  6.90959655362453E-0001 -1.68693917399498E+0000  6.74545006542620E-0002 
 2.43371962272831E+0000  4.52766641747629E-0001 -1.18820549633835E+0000 -1.78777099373998E+0000 -1.83686405213159E+0000  1.58597060495789E+0000  4.10735744471157E+0000 -2.15341874701762E-0001 
-1.32055956441473E+0000  1.49497616164683E-0001 -1.82609843969614E+0000  9.57233878399167E-0001 -3.09187375873257E-0001 -6.26936956629731E-0001 -1.01791134037302E+0000  1.25070753444162E+0000 
-8.61951918011825E-0002  8.94507547802729E-0001  1.46216149966890E-0001  8.84345302962957E-0001 -4.27800730300025E-0001 -1.92372464263060E-0001 -5.91349371804143E-0001  1.05112402742306E+0000 
 1.11096500671159E+0000
 5.11343162407048E-0001
 5.11343162407048E-0001
 5.11343162407048E-0001
 1.03208207153336E+0000
 1.03208207153336E+0000
 1.03208207153336E+0000
 1.10394952953662E+0000
