 4.15073617137142E-0001 -1.19756611851195E+0000 
-4.86143715919214E-0001 -1.90843245242356E+0000 
-8.80183223923876E-0001 -4.48609742991547E-0001 
 1.03992511468590E+0000  1.16375262600683E+0000 
 5.12794052700970E-0001  1.05083125469855E+0000 
-1.05037427907216E+0000 -1.79397958349300E-0001 
 8.09651279353732E-0001 -6.93626115445195E-0002 
 9.65312170485952E-0001 -1.77655415342851E-0002 
 6.75144326151142E-0001
 1.22159286218532E+0000
 1.22159286218532E+0000
 1.22159286218532E+0000
 1.20956999098064E+0000
 1.20956999098064E+0000
 1.20956999098064E+0000
 6.40068614263700E-0001
