 3.46380042275936E-0002  1.56638694726461E-0002  1.19942250449436E+0000  1.31865611550109E+0000  5.62591738827413E-0001  1.68761011287724E+0000  4.31637512860801E-0001  1.17827517141704E+0000 
-3.57708617541869E-0001 -1.23024865547856E-0002  3.72664465745630E-0001  3.55475073755098E-0002  7.21048062797699E-0001 -3.36557143906271E-0001  1.61971651964697E-0001  5.09918818629318E-0001 
-7.70546494954261E-0001 -3.70276699604702E-0001 -7.50291967075551E-0001  1.13587445164481E-0002 -3.52900296799490E-0001 -5.59459757924567E-0001  2.73050553072344E+0000 -5.07674463760344E-0001 
 7.05130094444812E-0001  1.64682443924228E-0001 -2.04029633597786E-0001  1.28113525308348E+0000  2.05368859569615E+0000  1.70639974841613E+0000 -4.79977779703558E-0001  4.84347464291782E-0001 
 7.09551305351014E-0001  4.51772254160365E-0001 -4.18549278947267E-0001 -1.13639930651692E+0000  1.06472901114104E+0000  6.41011170556097E-0001 -1.94291344369875E-0001  8.81490150761072E-0001 
 4.19195430946962E-0001 -2.30747269444281E+0000  2.39396394608718E-0001  2.03870043248638E-0001 -8.41947573345064E-0001  5.44566150563216E-0001  9.00105119475408E-0001  2.54298564814633E-0001 
 9.03801405851698E-0001  2.12245642193442E-0005 -5.82967060522313E-0001  5.01108666529818E-0001 -1.37897366927627E-0001  5.03316466225571E-0001 -6.95602388388596E-0001  9.10406550009296E-0001 
-1.84875789773164E+0000  7.32424745029914E-0001 -2.20691878147484E+0000  5.99175570408921E-0001  8.26294869572198E-0001 -4.37269887050946E-0001  1.32297414061490E+0000 -6.51427735891989E-0001 
 6.40068614263700E-0001
 6.40068614263700E-0001
 2.96744375997219E-0001
 2.96744375997219E-0001
 1.21910224497661E-0001
 1.21910224497661E-0001
-9.89010886020081E-0001
-9.89010886020081E-0001
