-9.70201576785987E-0001  5.19585520375656E-0001 -8.35977791768389E-0001 -5.45209360742815E-0001 -3.96525334469256E-0001 -5.64776778901355E-0001  1.11693939742110E+0000 -2.15058504803908E+0000 
 1.06023996576705E+0000 -2.54591404088036E-0001  1.31028790445163E-0001  4.93313116805076E-0001  2.68742702187027E-0001 -1.70874602985528E+0000  2.97754717342410E-0002 -7.90742537678042E-0001 
-4.58985693806259E-0001 -9.16744196525340E-0001 -1.30957219954128E-0002 -4.60606920572408E-0002 -5.91327780911021E-0001  7.73706458173076E-0001 -8.98757570665903E-0001  9.75554868893553E-0001 
 4.31306397691846E-0001  4.47693704497113E-0001  1.26705395778693E-0001 -6.23356951381444E-0001 -2.72492795644537E+0000 -5.63282250475071E-0001 -6.05066113855437E-0001  7.69551850172408E-0001 
 5.21495259336334E-0001  5.83194153605504E-0001 -1.06693154414369E+0000  4.05956717346782E-0001  7.83233187614446E-0001  1.40927454573402E+0000 -1.48850737856988E+0000  2.96870169129862E-0001 
-6.55765104060344E-0002 -7.18974571133657E-0002 -1.62236063196701E+0000 -1.41580758882677E-0001 -6.62728548169088E-0001  1.22071548230347E+0000  9.68920934462016E-0001  9.82685321122510E-0001 
-1.80775365756111E-0001 -1.13539129276317E+0000  3.37512742003141E-0001  8.03228077934708E-0001  7.41312283267679E-0001 -7.43909815401549E-0001  7.42488239464578E-0001  5.75319518438038E-0001 
 1.02890212279586E+0000 -1.36320330191081E-0001  1.17446977048107E+0000 -6.40958865362961E-0001  1.73345449349887E+0000 -1.55974444002097E+0000  8.09036576629961E-0002 -4.36063435491164E-0001 
-4.79890754672536E-0001
-4.79890754672536E-0001
-5.01532459458388E-0001
-5.29724688195582E-0002
-5.29724688195582E-0002
-7.71158707998577E-0001
-7.71158707998577E-0001
-7.71158707998577E-0001
