-4.44580858883981E-0001 -2.06507006392141E-0001 
-7.14361577333226E-0002 -2.53289609375672E-0001 
 1.44463635311645E+0000 -1.14691513833277E+0000 
-1.83113974966255E-0001 -6.50190695312756E-0001 
-1.38024411506571E+0000 -2.65033925243104E-0001 
 3.98792516805129E-0001 -1.70091007300364E+0000 
 7.75058016668267E-0002  6.68204818484647E-0001 
 2.46889002505500E-0001 -3.61761749113775E-0001 
-1.16446433181856E+0000
-2.59520324760211E+0000
-2.59520324760211E+0000
-5.90278407518959E-0001
-5.90278407518959E-0001
-5.90278407518959E-0001
-8.74124855830693E-0002
-8.74124855830693E-0002
