 3.46658092568125E-0001  3.33055069709817E-0001 -1.95414290943340E-0001 -3.04075125416924E-0001  7.06994775259826E-0001 -1.38949321381219E+0000 -7.43751555574987E-0002 -7.54477464142605E-0001 
-4.99529447291633E-0001  1.01075414746743E+0000  1.31602410433269E+0000  7.36553135517040E-0001  2.41599550554100E+0000 -1.68764125240474E-0001 -7.59732965543985E-0001 -1.04430884818678E-0002 
 4.48268884355667E-0001 -1.44222537933406E+0000 -1.30904191030149E+0000 -1.03086623403855E-0001 -2.44808291654244E-0001 -1.11026205401812E+0000  1.71343054630934E+0000 -8.82308911441602E-0001 
 3.71022826763989E-0001  4.77552172261103E-0001  3.32842688306037E-0001  3.61648994991138E-0001  1.44687984579496E+0000  1.65576493253464E-0001 -2.26806631504764E-0001 -4.07805288952671E-0001 
 6.92474841148855E-0001  4.76040183510165E-0001  6.80718861707222E-0001  1.94552542006018E+0000  6.25762978975519E-0001  3.06688197588079E-0001 -6.32564971090141E-0001  1.79192037736298E+0000 
-3.10704580974868E-0001 -8.52005181949008E-0001  6.09567705257827E-0001 -3.51223893281914E-0001 -6.97113746439516E-0001 -2.62660348169268E-0001 -4.85986416858242E-0001 -2.70001909537823E-0001 
-1.63079563978716E+0000  2.22055755448141E-0001  1.06726747990454E+0000  9.44265983988107E-0001  1.02860132114711E+0000  2.90896443112047E-0002  1.14240034070976E+0000 -2.23446573458230E+0000 
-6.35370887713773E-0001  1.59255963210605E-0001 -8.42541566717161E-0001 -1.31880552599228E+0000  4.60283748051079E-0001 -1.12362763613688E+0000  4.47432455748769E-0001 -3.65789108844643E-0002 
-8.74124855830693E-0002
 4.63627580512456E-0003
 4.63627580512456E-0003
 4.63627580512456E-0003
 1.64123285754173E-0001
 1.64123285754173E-0001
 1.64123285754173E-0001
 9.73503657979269E-0001
