1.220000 
1.217593 
1.210380 
1.198390 
1.181671 
1.160289 
1.134327 
1.103889 
1.069094 
1.030080 
0.987001 
0.940026 
0.889342 
0.835147 
0.777657 
0.717098 
0.653709 
0.587739 
0.519451 
0.449112 
0.377001 
0.303402 
0.228605 
0.152907 
0.076604 
-0.000000 
-0.076604 
-0.152907 
-0.228605 
-0.303402 
-0.377001 
-0.449112 
-0.519451 
-0.587739 
-0.653709 
-0.717098 
-0.777657 
-0.835147 
-0.889342 
-0.940026 
-0.987001 
-1.030080 
-1.069094 
-1.103889 
-1.134327 
-1.160289 
-1.181671 
-1.198390 
-1.210380 
-1.217593 
-1.220000 
-1.217593 
-1.210380 
-1.198390 
-1.181671 
-1.160289 
-1.134327 
-1.103889 
-1.069094 
-1.030080 
-0.987001 
-0.940026 
-0.889342 
-0.835147 
-0.777657 
-0.717098 
-0.653709 
-0.587739 
-0.519451 
-0.449112 
-0.377001 
-0.303402 
-0.228605 
-0.152907 
-0.076604 
0.000000 
0.076604 
0.152907 
0.228605 
0.303402 
0.377001 
0.449112 
0.519451 
0.587739 
0.653709 
0.717098 
0.777657 
0.835147 
0.889342 
0.940026 
0.987001 
1.030080 
1.069094 
1.103889 
1.134327 
1.160289 
1.181671 
1.198390 
1.210380 
1.217593 
1.220000 
1.217593 
1.210380 
1.198390 
1.181671 
1.160289 
1.134327 
1.103889 
1.069094 
1.030080 
0.987001 
0.940026 
0.889342 
0.835147 
0.777657 
0.717098 
0.653709 
0.587739 
0.519451 
0.449112 
0.377001 
0.303402 
0.228605 
0.152907 
0.076604 
0.000000 
-0.076604 
-0.152907 
-0.228605 
-0.303402 
-0.377001 
-0.449112 
-0.519451 
-0.587739 
-0.653709 
-0.717098 
-0.777657 
-0.835147 
-0.889342 
-0.940026 
-0.987001 
-1.030080 
-1.069094 
-1.103889 
-1.134327 
-1.160289 
-1.181671 
-1.198390 
-1.210380 
-1.217593 
-1.220000 
-1.217593 
-1.210380 
-1.198390 
-1.181671 
-1.160289 
-1.134327 
-1.103889 
-1.069094 
-1.030080 
-0.987001 
-0.940026 
-0.889342 
-0.835147 
-0.777657 
-0.717098 
-0.653709 
-0.587739 
-0.519451 
-0.449112 
-0.377001 
-0.303402 
-0.228605 
-0.152907 
-0.076604 
0.000000 
0.076604 
0.152907 
0.228605 
0.303402 
0.377001 
0.449112 
0.519451 
0.587739 
0.653709 
0.717098 
0.777657 
0.835147 
0.889342 
0.940026 
0.987001 
1.030080 
1.069094 
1.103889 
1.134327 
1.160289 
1.181671 
1.198390 
1.210380 
1.217593 
1.220000 
1.217593 
1.210380 
1.198390 
1.181671 
1.160289 
1.134327 
1.103889 
1.069094 
1.030080 
0.987001 
0.940026 
0.889342 
0.835147 
0.777657 
0.717098 
0.653709 
0.587739 
0.519451 
0.449112 
0.377001 
0.303402 
0.228605 
0.152907 
0.076604 
-0.000000 
-0.076604 
-0.152907 
-0.228605 
-0.303402 
-0.377001 
-0.449112 
-0.519451 
-0.587739 
-0.653709 
-0.717098 
-0.777657 
-0.835147 
-0.889342 
-0.940026 
-0.987001 
-1.030080 
-1.069094 
-1.103889 
-1.134327 
-1.160289 
-1.181671 
-1.198390 
-1.210380 
-1.217593 
-1.220000 
-1.217593 
-1.210380 
-1.198390 
-1.181671 
-1.160289 
-1.134327 
-1.103889 
-1.069094 
-1.030080 
-0.987001 
-0.940026 
-0.889342 
-0.835147 
-0.777657 
-0.717098 
-0.653709 
-0.587739 
-0.519451 
-0.449112 
-0.377001 
-0.303402 
-0.228605 
-0.152907 
-0.076604 
-0.000000 
0.076604 
0.152907 
0.228605 
0.303402 
0.377001 
0.449112 
0.519451 
0.587739 
0.653709 
0.717098 
0.777657 
0.835147 
0.889342 
0.940026 
0.987001 
1.030080 
1.069094 
1.103889 
1.134327 
1.160289 
1.181671 
1.198390 
1.210380 
1.217593 
1.220000 
1.217593 
1.210380 
1.198390 
1.181671 
1.160289 
1.134327 
1.103889 
1.069094 
1.030080 
0.987001 
0.940026 
0.889342 
0.835147 
0.777657 
0.717098 
0.653709 
0.587739 
0.519451 
0.449112 
0.377001 
0.303402 
0.228605 
0.152907 
0.076604 
-0.000000 
-0.076604 
-0.152907 
-0.228605 
-0.303402 
-0.377001 
-0.449112 
-0.519451 
-0.587739 
-0.653709 
-0.717098 
-0.777657 
-0.835147 
-0.889342 
-0.940026 
-0.987001 
-1.030080 
-1.069094 
-1.103889 
-1.134327 
-1.160289 
-1.181671 
-1.198390 
-1.210380 
-1.217593 
-1.220000 
-1.217593 
-1.210380 
-1.198390 
-1.181671 
-1.160289 
-1.134327 
-1.103889 
-1.069094 
-1.030080 
-0.987001 
-0.940026 
-0.889342 
-0.835147 
-0.777657 
-0.717098 
-0.653709 
-0.587739 
-0.519451 
-0.449112 
-0.377001 
-0.303402 
-0.228605 
-0.152907 
-0.076604 
0.000000 
0.076604 
0.152907 
0.228605 
0.303402 
0.377001 
0.449112 
0.519451 
0.587739 
0.653709 
0.717098 
0.777657 
0.835147 
0.889342 
0.940026 
0.987001 
1.030080 
1.069094 
1.103889 
1.134327 
1.160289 
1.181671 
1.198390 
1.210380 
1.217593 
1.220000 
1.217593 
1.210380 
1.198390 
1.181671 
1.160289 
1.134327 
1.103889 
1.069094 
1.030080 
0.987001 
0.940026 
0.889342 
0.835147 
0.777657 
0.717098 
0.653709 
0.587739 
0.519451 
0.449112 
0.377001 
0.303402 
0.228605 
0.152907 
0.076604 
-0.000000 
-0.076604 
-0.152907 
-0.228605 
-0.303402 
-0.377001 
-0.449112 
-0.519451 
-0.587739 
-0.653709 
-0.717098 
-0.777657 
-0.835147 
-0.889342 
-0.940026 
-0.987001 
-1.030080 
-1.069094 
-1.103889 
-1.134327 
-1.160289 
-1.181671 
-1.198390 
-1.210380 
-1.217593 
-1.220000 
-1.217593 
-1.210380 
-1.198390 
-1.181671 
-1.160289 
-1.134327 
-1.103889 
-1.069094 
-1.030080 
-0.987001 
-0.940026 
-0.889342 
-0.835147 
-0.777657 
-0.717098 
-0.653709 
-0.587739 
-0.519451 
-0.449112 
-0.377001 
-0.303402 
-0.228605 
-0.152907 
-0.076604 
0.000000 
0.076604 
0.152907 
0.228605 
0.303402 
0.377001 
0.449112 
0.519451 
0.587739 
0.653709 
0.717098 
0.777657 
0.835147 
0.889342 
0.940026 
0.987001 
1.030080 
1.069094 
1.103889 
1.134327 
1.160289 
1.181671 
1.198390 
1.210380 
1.217593 
1.220000 
1.217593 
1.210380 
1.198390 
1.181671 
1.160289 
1.134327 
1.103889 
1.069094 
1.030080 
0.987001 
0.940026